http://edge.oncology.wisc.edu/agilentarrayinfo.php?arrayid=
http://edge.oncology.wisc.edu/agilentfeatureinfo.php?featurenum=
Zt20 fx/fx
Zt20 CreAlb
Zt8 fx/fx
Zt8 CreAlb
Zt4 fx/fx
Zt4 CreAlb
Zt40fx
Zt40Cre
1
2
3
4
5
6
23
24
5282	 Tubb2a 	NM_009450 	0	-2.3249681081479	2.2603047619893	-7.8399086076008	1.492794409579	-3.5660218509062	2.2734164597337	-5.0637353531843	1.0505961380001
2268	 Gast 	NM_010257 	0	-1.0432682725598	1.5625610700095	-10.714946328779	1.5237018680809	-3.6005512747155	-1.2854701609196	1.0278099081629	1.2042481837972
5717	 Ethe1 	NM_023154 	0	-1.047470739408	1.3258793295042	-4.0335087183593	1.3061708881318	-2.0085886302012	1.5221939798136	-1.8432532146957	1.1479305130895
146	 Cdkn1a 	NM_007669 	0	1.3039411767704	1.5768921819621	-2.3389611054898	1.2647363474712	1.0678471674663	1.5208696733393	-1.5063226275806	1.0870864937829
721	 AA986860 	NM_177604 	0	1.1093730209947	1.2896147745184	1.8591866832023	1.3273944577297	1.5647321285589	-1.0216271126101	1.8115486428593	1.2960477427045
981	 Cldn1 	NM_016674 	0	1.1352802952791	1.2887272152049	-1.4906888395059	1.4471048530949	1.0299126679249	1.3557199908086	-2.1253917966273	-1.0415125320869
6613	 Lgals4 	NM_010706 	0	1.018413083406	1.1567939270705	-1.8263541676468	-1.186041812948	-1.0596984521913	1.0858694129976	-1.1563462597886	1.1205818914239
3186	 AK141415 	AK141415 	0	-1.0264691466758	-1.9163375079075	1.6005490943828	-1.1087917860037	1.2862014652546	-1.8416877525591	-1.0191990026332	-1.0488816800144
5691	 Gprk5 	NM_018869 	0	-1.0162384905259	-1.1614881946619	2.8551504631151	-1.378002482618	1.7356493899716	-1.0572853145543	1.2555459167927	-1.4636727924375
7827	 Prei4 	NM_028802 	0	-2.2064749434581	-3.3599901172505	1.7750067135007	-2.3933157564054	-2.4995970301689	-3.3431125661875	2.2175478512115	-1.4466184508771
7898	 Dnmt3b 	NM_010068 	0	-1.2544065122918	1.080817828686	-1.8886783412518	1.1937132101928	-1.3906825331916	1.1879492836837	-1.7566288050559	-1.100131753349
8237	 Tor3a 	NM_023141 	0	-1.9752269387253	-1.3109496139461	2.3334741812939	-1.4536170221293	-1.9462337523881	-2.1367612539956	1.101903341357	-1.0057077110461
3173	 6030422H21Rik 	AK031392 	0	1.3013616371019	1.0469834097347	-1.8764672972268	1.2764388088113	1.2642908649983	1.4687132064504	-1.9284394178305	-1.0101865922029
3506	 Mad2l2 	NM_027985 	0	1.0097780825341	1.4772704136902	-3.3119288630659	-1.1865881311724	-1.4727363290259	1.0058876360148	-1.6681649809402	1.3862482151945
2732	 1500041J02Rik 	NM_026424 	0	-1.507432936112	-1.6082071920902	-1.097222487855	-1.4689262776439	-1.8196463892163	-2.1886282468049	1.4701985835617	-1.0504401184743
