http://edge.oncology.wisc.edu/agilentarrayinfo.php?arrayid=
./agilentfeatureinfo.php?featurenum=
TE A1 Corn Oil 10 ml/kg 48hrs
TE A3 Corn Oil 10ml/kg 48hrs
TE A2 Corn Oil 10 ml/kg 48hrs
BLANK
TE E1 Aroclor 1260 200mg/kg
TE E3 Aroclor 1260 200mg/kg
TE E2 Aroclor 1260 200mg/kg 48hrs
BLANK
TE C2 Wy-14643 50mg/kg 48hrs
TE C1 Wy-14643 50mg/kg 48hrs
TE C3 Wy-14643 50mg/kg 48hrs
BLANK
TE B1 TCDD 10ug/kg 48hrs
TE B2 TCDD 10ug/kg 48hrs
TE B3 TCDD 10ug/kg 48hrs
518
519
538
-99
520
521
540
-99
530
531
532
-99
533
534
539
33358	 Cyp11a1 	NM_019779 	0	1.3698666729858	1.1468626255635	-1.5710488892525	-9999	1.6671558473644	1.3698666729858	-1.5361820989733	-9999	1.401441068121	1.1289855932009	1.4303298428814	-9999	-1.5655887791637	1.087212157125	-1.0759539889981
44308	 Cyp11a1 	NM_019779 	0	1	1	1	-9999	-3.3275684658888	1	1	-9999	-1.0928365208312	-1.2218474871616	1.2430065009019	-9999	-1.5243335205482	-1.8861490100247	-1.3291347111106
9772	 Cyp11b2 	NM_009991 	0	-1.0662394163686	-1.5714216538476	1.6755117070674	-9999	1.106305997179	1.815677060457	3.5705676564813	-9999	-1.0575666166452	1.595099087784	1.5513195538775	-9999	2.2595183187465	1.125193634703	2.3880051918098
5020	 Cyp17a1 	NM_007809 	0	-1.1382264321322	-1.1219969249838	1.2770865567876	-9999	1.044040469621	1.8878493439196	1.6099423817297	-9999	-1.0021175470148	2.0208744509628	1.0987536564423	-9999	-1.1841743961478	1.2095040678425	2.2459047483162
2779	 Cyp19a1 	NM_007810 	0	-2.1445318468113	-1.4146418439097	3.0337444860961	-9999	1.5261193538642	2.7375546639519	2.7501545468697	-9999	1.1652188454678	2.4952984682266	1.8320085660604	-9999	1.0140573098142	1.9271587890313	2.7740788421194
21124	 Cyp19a1 	NM_007810 	0	1.0108192406602	-1.021755537289	1.0108192406602	-9999	-2.7008315610437	1.0108192406602	1.0108192406602	-9999	1.0108192406602	1.0013611777063	-1.2391874317078	-9999	1.0108192406602	-1.1176033631254	1.274736730996
34474	 Cyp1a1 	NM_009992 	0	-1.2825486070469	1.160840273024	1.1048450306654	-9999	2.1238369225455	1.5210068385213	2.5839146643265	-9999	3.0105037094422	1.4289899244398	6.2547962435248	-9999	238.33024896646	76.792563704602	108.59983531358
898	 Cyp1a2 	NM_009993 	0	1.0486132313855	1.1393766982879	-1.194765481357	-9999	-1.4793013945588	-1.7187339936599	-1.1377652536601	-9999	-2.6415282927441	-1.3263363330929	-2.9016743230382	-9999	2.5816082087939	2.2557103556416	4.464279049823
38709	 Cyp1a2 	NM_009993 	0	1.05386342749	1.215747354861	-1.2812316743557	-9999	-1.6067661235919	-1.8924641739593	-1.340363727761	-9999	-3.521345729542	-1.900516597287	-3.3666166478266	-9999	5.1714024081684	4.9558520578436	5.896147417052
3771	 Cyp1b1 	NM_009994 	0	-1.092243913599	1.5062649370328	-1.3790554639664	-9999	1.9663434083633	-2.9509553157556	-2.6556120666111	-9999	2.3098212191282	-1.855566115788	-1.4546236133686	-9999	11.290608970358	10.275367576564	1.6563738545987
9856	 Cyp1b1 	AK016699 	0	1.2023474869709	-1.3848508438997	1.1517891948097	-9999	-1.1991071704717	1.8170463264873	4.0567010082403	-9999	1.4186622091771	1.6052364031677	1.3903431451349	-9999	2.8311103664994	1.4711603110658	1.650053402526
1378	 Cyp20a1 	NM_030013 	0	-1.0215189635892	-1.1311826448107	1.1555245229571	-9999	1.2372064249224	-1.7945097955845	-1.8961680883982	-9999	-1.3564713745578	-1.5253536068844	-1.004323057234	-9999	1.1661036820496	1.2034891150823	-1.1355371140644
41711	 Cyp21a1 	NM_009995 	0	-1.0732189521204	1.2052903145139	-1.1230609673195	-9999	-1.2691248075428	-1.2149665837554	-1.6220354191402	-9999	-1.0189698484722	-1.5532531152985	-1.5033663782866	-9999	-1.2928505762263	-1.1508966696133	-1.2866349173662
21854	 Cyp24a1 	NM_009996 	0	-1.1852541010178	1.3233744126422	-1.1165322368476	-9999	1.0110206668277	1.8377597407395	-1.0698504327081	-9999	-2.4507909427581	-1.2136631523659	1.3056258297695	-9999	-1.1165322368476	-1.5083435366974	1.0155713329745
29221	 Cyp26a1 	NM_007811 	0	1.3402845150289	1.1040277763734	-1.479711332835	-9999	-1.4177315363017	-1.0007163604276	-1.0705155990215	-9999	-1.2907644629677	4.5376918494004	5.4828958960986	-9999	1.7074342939046	1.3152581452021	5.0342432913948
3514	 Cyp26b1 	NM_175475 	0	-1.9198236321302	-1.2661359302936	2.4307576804668	-9999	-1.7836692831792	-1.3150441490511	-2.5383314652474	-9999	1.2190869061542	3.7865157417676	-1.0950837470758	-9999	-3.0748811443681	-1.0132073540784	5.1729641264392
10618	 Cyp27a1 	NM_024264 	0	-1.0912233070015	1.211759872376	-1.1104600356326	-9999	-2.1856843032058	-1.4374171869406	-1.3437192328625	-9999	-3.3077786013125	1.6754657973978	-1.93154768097	-9999	-1.7702126232068	-1.9947635936765	1.1696598074215
3021	 Cyp27b1 	AB006034 	0	-1.320335093544	-1.1724725038074	1.5480565929924	-9999	-1.5969027422129	-1.5163248998679	-1.3271590309494	-9999	-1.8636019948915	-1.606652916279	-1.567519913238	-9999	-2.2270048695856	1.2871342100242	-1.2758952677874
5237	 Cyp27b1 	NM_010009 	0	-1.3595287623321	-1.0535241611156	1.4322963988485	-9999	-1.1014566263961	1.7405503864187	1.2830707366063	-9999	-1.3117932746053	-1.0810988366199	-1.0723817142792	-9999	-1.4346151076718	1.2617589674733	-1.0486880037243
36879	 Cyp2a12 	NM_133657 	0	-1.0589051650175	1.0267368122381	1.0313306705243	-9999	-1.1773588879535	-1.1301963897341	-1.1472629977385	-9999	-1.2869307162369	1.2466218461863	-1.7403767252498	-9999	-1.4511866238262	-1.1326543745575	-1.0978314465665
22754	 Cyp2a4 	NM_009997 	0	-1.4043779434294	1.3215481771555	1.0626763123023	-9999	2.550004812162	1.2311869399885	2.4634173734742	-9999	1.9299497435456	1.1831859393891	1.7113545742237	-9999	1.5764710505086	1.8285548831546	2.2099171894376
29648	 Cyp2a4 	NM_009997 	0	-1.3518380511206	1.5460136830322	-1.1436382351796	-9999	1.1868043605588	-1.5711826208903	1.1080933111668	-9999	-1.2096693216355	-1.334721532047	-1.4735764311581	-9999	-1.6872547780317	-1.3098171323023	-1.0332553595469
17106	 Cyp2a5 	NM_007812 	0	-1.4691134450359	1.3660313508863	1.0754610017425	-9999	1.9660414357623	1.3452334775953	3.0925160812854	-9999	1.8813936187553	-1.1934530352657	1.6970813728218	-9999	1.3884545456716	1.6607668470006	2.4756917342816
40976	 Cyp2a5 	NM_007812 	0	-1.4070472012747	1.4448851691594	-1.0268917544844	-9999	1.9492134674441	-1.1068497381706	1.7998931881212	-9999	1.3931642879769	-1.4153689589087	1.2276069354218	-9999	1.1109137274437	1.3129081169709	1.6411974493205
16669	 Cyp2b10 	NM_009999 	0	-1.0566577272231	-1.1789525695269	1.2457493426201	-9999	10.699972627137	4.845277628753	19.074214695937	-9999	-1.2089054440329	3.2183217972344	1.1136960175259	-9999	-4.1246806883516	1.8668854316147	3.0225059652833
20284	 Cyp2b10 	NM_009998 	0	-1.0087951834355	-1.1787779407106	1.1891455089288	-9999	7.599062211883	3.0065954784424	10.979864990014	-9999	-1.1130380211543	3.9911817032304	-1.1144946806872	-9999	-1.4297726986347	1.9562348881818	3.1598174999024
15275	 Cyp2b13 	NM_007813 	0	1.2469852984928	1.0031002377207	-1.2508512493524	-9999	9.8472719824369	3.9408448154086	11.593219891995	-9999	1.0251663283863	5.3484794726856	-1.2943915426523	-9999	-3.3774246339034	1.2973296186007	2.7511250627737
19157	 Cyp2b13 	NM_007813 	0	1.6081874426973	1.1510300625647	-1.8510720927835	-9999	1.638538561901	1.9061921058686	-1.690765328106	-9999	1.4268445694625	19.300371417035	1.8456811070252	-9999	-1.0318898326998	1.9043495457675	6.0272563983565
24555	 Cyp2b19 	NM_007814 	0	-1.5394632763354	-1.0127513559738	1.5590935205806	-9999	-2.2645860793538	-1.071427115758	-1.0044349903733	-9999	-1.311256407293	-1.6424105775224	-1.5273664030045	-9999	-1.7895005381644	-1.0811534371293	-1.220075295114
42738	 Cyp2b19 	AK029227 	0	1	1	1	-9999	1	1	1	-9999	1	-1.094253640115	1	-9999	1	1	-1.1695346681733
220	 Cyp2b9 	NM_010000 	0	-1.0943090729856	-1.0359528749747	1.1336526302703	-9999	5.8350018758579	3.6933460414343	12.07294716423	-9999	-1.2091773402855	10.716870923507	1.9118288018483	-9999	-2.421252042021	2.8528963935245	8.1097226177229
21336	 Cyp2b9 	NM_010000 	0	1.3011279314088	1.0747810485985	-1.3984276424803	-9999	14.516001352732	7.7645805553861	20.307805721903	-9999	1.9833985892824	5.8980167284503	1.2176711036801	-9999	-1.7910182037417	1.9723319047826	2.8862237761463
22160	 Cyp2c29 	NM_007815 	0	-1.0537801171656	-1.0004242261326	1.0542271582294	-9999	1.613296902615	1.0602202624271	1.5005183125913	-9999	-2.0243085060577	-1.8121439773084	-2.2259668891714	-9999	1.2443063000297	1.5414956375287	1.1040613328396
14449	 Cyp2c37 	NM_010001 	0	-1.093914972678	1.1489095339276	-1.0502731589046	-9999	1.3256343020297	1.056923814118	1.6450220867123	-9999	-2.8624325820231	-1.6975448862771	-2.5858079518989	-9999	1.1072197740578	1.2046612294609	-1.0162872255862
30009	 Cyp2c37 	NM_010001 	0	-1.0947142381347	1.101778347769	-1.0064529256936	-9999	1.647116179802	1.2665190699354	1.6444142566004	-9999	-1.6800753761244	-1.1800237998642	-1.9857783279978	-9999	1.5652014203564	1.8072708064978	1.2094231945519
10051	 Cyp2c38 	NM_010002 	0	-1.5587865745599	1.275288117992	1.2223014960841	-9999	1.4793772756731	-3.4706886589525	-2.0669627816752	-9999	1.768578508921	1.0668086866329	1.1874426491268	-9999	-2.186908721967	1.050191607473	-1.3871699004016
44987	 Cyp2c38 	NM_010002 	0	-2.0818119637048	1.1703802917128	1.7787483080889	-9999	-1.0463748435433	-3.0657271500762	-3.1394350311048	-9999	-1.4335521618593	-1.0030791424665	1.0009479627987	-9999	-2.9943013078555	-1.2360601351984	1.1113805703853
11791	 Cyp2c39 	NM_010003 	0	-1.0094935923847	1.0518188103981	-1.0419271784712	-9999	1.451116677183	1.0201624483461	1.3946085818046	-9999	-1.5100407476804	-1.17377935501	-1.9997314030783	-9999	1.3240406943408	1.7946151649713	1.0807793378644
27273	 Cyp2c40 	NM_010004 	0	-1.0715620720069	1.0898749397589	-1.0170898804935	-9999	1.1953515985529	-1.7729207923346	-1.2832531332672	-9999	-3.3221048354385	1.0168354219511	-1.9733918639757	-9999	1.1546029603264	1.3118273061896	-1.2867445377318
29107	 Cyp2c40 	NM_010004 	0	-1.0685979417249	-1.1819179634061	1.2629951029835	-9999	1.43657950632	-1.4973189924127	-1.0810837348382	-9999	-1.4860017926291	-1.6362902150589	-1.4563619822771	-9999	1.2003300167359	1.7494062213855	-1.1098654532491
24634	 Cyp2c44 	NM_001001446 	0	-1.0451228266833	1.061838986022	-1.015994444779	-9999	1.1016729007425	1.0963410274908	1.2605621614121	-9999	-1.0248170290668	1.0401492653415	-1.5117930112129	-9999	-1.0028716011395	1.0417287896414	1.0098262752559
21958	 Cyp2c54 	NM_206537 	0	-1.211429839008	1.1752296325431	1.0308026665279	-9999	1.295080407769	-1.2035559013153	1.6075434985332	-9999	-4.032981842108	-1.0543120414024	-2.5008132786375	-9999	1.3114832049845	1.2498754372895	1.2650763396633
43313	 Cyp2c55 	NM_028089 	0	1.0814082206359	-1.3341121314105	1.2336804048207	-9999	2.4575800148666	1.4374265646681	4.1151594423519	-9999	-2.0287817678926	-1.8896889926564	-1.3013985944095	-9999	-2.779265480338	1.445382082264	1.0238342803993
9653	 Cyp2c65 	AK008688 	0	-1.4604781591629	-1.101086572802	1.6081128909249	-9999	1.3718844494783	1.1668325436088	1.1590936679994	-9999	1.3088067716476	-1.7912754205857	2.2268477914292	-9999	1.5005329391302	2.3923875481195	-1.6882453673648
19818	 Cyp2c66 	NM_001011707 	0	-1.193224054971	-1.1144202628255	1.3297530649505	-9999	-1.8713318097969	1.1841316792088	-1.0121526115249	-9999	1.3635906039873	-1.8289397545064	-1.0489698363041	-9999	-1.5578738950549	-1.3058220566449	-1.5845385151931
27215	 Cyp2c70 	NM_145499 	0	1.2200910274477	-1.427252021076	1.1697914245478	-9999	1.4329044563283	-1.0557222305293	1.1717399393802	-9999	-1.7976314876725	-1.7181879411048	-1.5266225272794	-9999	1.1675253885358	1.1224567949085	-1.5945849714608
18529	 Cyp2d10 	NM_010005 	0	-1.0927848530181	1.1066577591049	-1.0126950021758	-9999	-2.5950197450446	-1.5457820991519	-1.2542518973332	-9999	-3.7719129963805	-1.2966237334033	-2.6029430525013	-9999	-2.3530365147272	-2.2612816924824	-1.2609340331186
32703	 Cyp2d10 	NM_010005 	0	-1.1612509082227	1.1960345719783	-1.0299536159751	-9999	-1.0686910361224	-1.2504132489378	-1.219356356715	-9999	-1.0534610105927	-1.6024307365885	-1.3999697982008	-9999	-1.1693075845113	1.0929662043812	-1.4647043341545
9699	 Cyp2d13 	NM_133695 	0	-1.0048684249356	1.207165458048	-1.2013169367177	-9999	-1.3256430522312	1.4254664495296	1.7452972323801	-9999	1.0876017557215	1.8998985005917	-1.8349726688427	-9999	-1.3087919044465	-1.2803673768593	1.5363331444116
3355	 Cyp2d22 	AK086555 	0	-1.6494226979795	1.736176739051	-1.0525966092123	-9999	1.4813587030592	1.3740069622011	1.4210711587155	-9999	1.9684846534836	2.4213971858195	-1.4559248766458	-9999	1.1824765403204	1.4692311697559	1.9254490599535
38067	 Cyp2d22 	AK090296 	0	-1.2268176062988	1.1409247464457	1.0752835453177	-9999	-1.311450792847	-1.6817893578804	-1.5376854323998	-9999	-2.0061162693161	-1.2198768791059	-1.3346795308058	-9999	-1.3037370271382	1.0407945274086	1.0804682263992
40581	 Cyp2d22 	NM_019823 	0	-1.1520199499808	1.1497859568597	1.0019429643472	-9999	-2.8011540913566	-1.6500723995772	-1.5322481300039	-9999	-3.7848179958014	1.2037491681117	-2.3788715915033	-9999	-1.9619670075207	-2.1589540542463	-1.2854760807421
20313	 Cyp2d26 	NM_029562 	0	1.0660215887956	1.0856504082168	-1.1573267730438	-9999	-1.0775365243566	1.2141753174377	1.0985023744507	-9999	-1.0085048706229	-2.2649311252466	-1.4430587084382	-9999	-1.0043498059615	1.1357111773255	-1.2046530929058
38540	 Cyp2d9 	NM_010006 	0	-1.2599587686331	1.2494608901731	1.0084019264169	-9999	-1.631925893419	-1.2800452823282	-1.2224787913485	-9999	-1.315207671274	-1.9856067171153	-1.7375542111791	-9999	-1.6906170063195	-1.2586887001153	-1.580546339642
39394	 Cyp2d9 	NM_010006 	0	-1.3815050177971	1.169011364967	1.1817721017931	-9999	-1.6037296798584	-1.2677431326751	-1.1417453898035	-9999	-1.2769687421635	-1.6042932885621	-1.6971474138019	-9999	-1.6447080711752	-1.2450828945967	-1.3640741116729
23755	 Cyp2e1 	NM_021282 	0	-1.1362520157047	1.2338669552104	-1.0859095853354	-9999	-1.243300953364	-2.370334658216	-2.063957102688	-9999	-1.0786577462829	-1.5899298632634	-1.1806078502636	-9999	1.2900850227951	1.3076915978679	-2.010873110143
36877	 Cyp2f2 	NM_007817 	0	-1.1833797499401	1.1499256640416	1.029092390008	-9999	-1.1425971417803	1.0731285931837	-1.0311688693454	-9999	-1.3025021034678	-2.5332866433774	-1.626197665721	-9999	-1.174165818465	-1.1003760602784	-1.3471883958599
11209	 Cyp2g1 	NM_013809 	0	-1.4542743134523	1.217089923017	1.194878279698	-9999	3.0821066794626	1.1534258135967	1.9329337390216	-9999	1.261829471569	2.1554862989534	2.0287772521697	-9999	-1.0684060370187	1.8436762732262	2.5369141258327
44178	 Cyp2g1 	NM_013809 	0	1.958411722331	-1.7825552515724	-1.0986541486461	-9999	-1.4275291984585	1.958411722331	1.958411722331	-9999	-1.2596561170574	1.2620396513822	1.3082206496953	-9999	1.3959118691988	2.0644653591723	1.0010113459216
32203	 Cyp2j11 	NM_001004141 	0	-1.1192076414603	1.0921601678241	1.0247651163566	-9999	1.0908909360825	-1.3624211178269	-1.2417911679468	-9999	-1.5641264733622	-1.3495310046787	-1.0165685430701	-9999	-1.054216153857	-1.0127276481319	-1.0024660341938
41213	 Cyp2j11 	NM_001004141 	0	2.052045565408	-1.4110551885007	-1.4542631515273	-9999	-1.72472159047	2.1785673970956	1.9341448691343	-9999	1.2237142010527	1.0850855998354	1.0180919417583	-9999	1.1401789006663	1.1874217510024	-1.1468958994809
399	 Cyp2j13 	NM_145548 	0	-1.0832806857417	1.1470834134117	-1.0588976878383	-9999	-1.0728351644489	-1.5389961025558	-1.5670339297271	-9999	-1.2161050725953	1.9082048704689	-1.0116796168726	-9999	-1.1182940134468	1.2545096316152	1.0554289438494
27115	 Cyp2j13 	NM_145548 	0	-1.2287700952583	-1.3739459028365	1.6882636379082	-9999	1.0256575155069	1.3961702081121	2.0616567803494	-9999	1.177389522302	1.197031190219	1.4191705708243	-9999	-1.4548614398284	1.1425822332904	1.2095601401944
27721	 Cyp2j13 	NM_145548 	0	1.0616874084155	1.031809843324	-1.0954595185362	-9999	-1.1103715694228	-1.6372226089581	2.5732659103118	-9999	1.0690442123866	-2.1262622725789	-1.4624341951458	-9999	-1.2945783307864	-1.812966725667	-1.9830032835602
30963	 Cyp2j5 	NM_010007 	0	-1.0615045661668	1.0366709609748	1.0239551469337	-9999	1.0261383842052	-1.2455341992257	-1.3567729193917	-9999	-1.1241603586454	-1.1042303170091	-1.1974281583563	-9999	-1.0442376957262	1.1446031409367	-1.3345813964725
33567	 Cyp2j5 	NM_010007 	0	-1.0775166755831	-1.0228336326736	1.1021202955531	-9999	1.0905259388328	1.2191246147936	1.208734171509	-9999	1.136918936122	1.3678721267986	1.1374125084427	-9999	1.1506546583023	1.504201786008	1.1592414461691
39714	 Cyp2j6 	NM_010008 	0	-1.1469733663088	1.1017794471095	1.0410190254663	-9999	-1.0435045170114	-1.5512786068722	-1.427013012502	-9999	-1.7429652692284	1.0545560477746	-1.1550780561654	-9999	-1.1824950551847	1.0225361405453	1.156414867781
36127	 Cyp2j9 	NM_028979 	0	1.0104232557835	1.1194387426678	-1.1311069390166	-9999	-1.0192005906307	1.3439503766229	1.2421988799864	-9999	2.1411462536626	1.0277188762205	-1.4098881705385	-9999	-1.247083883338	-1.0680526617057	-1.0776870561222
24955	 Cyp2r1 	NM_177382 	0	-1.3800982335407	-1.2077971486573	1.6668787113373	-9999	1.3224632127191	1.1921033269011	1.3752533134967	-9999	-1.119842639978	3.7353646114781	2.4666469864861	-9999	1.3010284694123	1.6488266563269	2.2679631821913
21113	 Cyp2s1 	NM_028775 	0	-1.702514162579	-1.0163206113874	1.7303002346081	-9999	1.7226615751609	1.1119986670705	1.6638986396089	-9999	1.6023281652905	1.8483353374637	4.8225558584278	-9999	1.4930720535403	4.8662147038534	1.6164406618662
24693	 Cyp2s1 	AK054324 	0	1.0851035891984	-1.0416830560196	-1.0416830560196	-9999	2.1956666225715	-1.0416830560196	-1.0416830560196	-9999	-1.0416830560196	-1.0653104323693	-1.0148262678249	-9999	-1.0416830560196	-1.1631914466264	1.0360785915825
35663	 Cyp2u1 	NM_027816 	0	1.2076367850916	-1.1202312063427	-1.0780245883653	-9999	-1.4498853667083	1.0927336908702	-1.1292176733745	-9999	-1.8625930009046	-2.2632116325866	-1.5666777177463	-9999	-1.4898778606937	-1.348589166782	-2.4287357565189
15125	 Cyp39a1 	NM_018887 	0	-1.0223336756154	1.0143184690423	1.0079020611551	-9999	-1.0540268319116	-1.7042671251954	-1.5268830242121	-9999	-2.3728193027888	-1.1211919390031	-1.6433609641246	-9999	-2.1558109160612	-1.4259528536942	-1.2248402985233
19860	 Cyp39a1 	NM_018887 	0	1.093966525994	-1.0133061223957	-1.0796012200218	-9999	1.0451548334138	-1.6299443117524	-1.8139268388416	-9999	-2.318065837877	1.0261955648552	-2.1509423310479	-9999	-2.8624358775223	-1.4625703558488	-1.1718368926353
15776	 Cyp3a11 	NM_007818 	0	-1.0700198474164	1.4629539863513	-1.3672213556446	-9999	-1.0675859099977	-1.0497184568703	1.0302984979239	-9999	-1.8376289890072	-2.7933530755853	-1.2791039301229	-9999	-7.9216168602337	-1.2657875896269	-1.378855746238
13211	 Cyp3a13 	NM_007819 	0	-1.0714777737588	1.0691197030534	1.0022056189767	-9999	1.4564052417459	1.1684352037204	1.0539854930527	-9999	1.3841308017781	2.7091923046062	1.2592792096373	-9999	-1.0873470152211	-1.0258270969787	-1.1674523579486
24454	 Cyp3a16 	NM_007820 	0	1.060757798569	-1.0223660437692	-1.0375518680748	-9999	-1.2379947890638	-1.3309134581877	1.2851821451573	-9999	-1.5712193418035	-1.4532717006031	-1.4036984380854	-9999	-13.339354572758	-1.7698840549139	-1.6048402817202
10764	 Cyp3a25 	NM_019792 	0	1.3186949205218	1.1096891336404	-1.4633414238899	-9999	-2.6076762204863	-2.2942337625532	-1.6949717594809	-9999	-3.013302047378	1.089578019187	-2.2466771415312	-9999	-3.1645114155081	-2.3985493952408	-1.53247453518
32523	 Cyp3a25 	NM_019792 	0	1.1945685224715	-1.0121501255892	-1.1802285967964	-9999	-1.7646875971804	-1.7101642886558	-1.8064133465012	-9999	-1.2826171225903	-1.2898681922894	-2.0024696076629	-9999	-3.4659391468841	-2.0239740190287	-1.860269789869
34835	 Cyp3a41 	NM_017396 	0	-1.2107883492653	1.0755746717768	1.1257129616721	-9999	1.1639825421947	-1.0688634667251	1.2405345568529	-9999	-1.2361757885057	-2.469438605562	-1.3044403771667	-9999	-10.367027088681	-1.0940073337616	-1.3404920211677
36488	 Cyp3a44 	NM_177380 	0	1.0368862132352	-1.0625436984547	1.0247447452691	-9999	-1.2493654736475	-1.495671437118	1.3285863923605	-9999	-1.7288216795746	-1.8968902313557	-1.5835150670015	-9999	-12.781511055217	-1.8425029844784	-1.5279818656883
40638	 Cyp3a44 	NM_177380 	0	1.0282688192696	-1.2376941360165	1.203667866634	-9999	2.0586696722687	3.9002879088198	2.285739148637	-9999	-1.1233195914377	14.247795291278	1.3764697344985	-9999	-2.9005030957535	1.3300766418659	10.247470261815
31583	 Cyp46a1 	NM_010010 	0	-1.2214727987035	-1.1616780943878	1.4189581931444	-9999	-1.0805647600685	1.5196626864373	1.5429427069546	-9999	1.290655094505	1.148918704899	1.3738069211712	-9999	-1.067900524954	1.2781202038526	1.5430322390254
19844	 Cyp4a10 	NM_010011 	0	1.0244143812045	1.2064206621324	-1.2358746760707	-9999	-2.0045469531864	-2.4825741750459	-3.269077626567	-9999	3.1070966782336	3.9596588170292	2.270679121258	-9999	-5.0709722427467	-2.7683132623557	-1.7482970845114
35102	 Cyp4a10 	NM_010011 	0	-1.219751797161	1.2047860585025	1.0124219055764	-9999	-1.6174410706095	-1.7186303094681	-2.1165740473606	-9999	3.1307149947484	9.199697203732	5.6639776809089	-9999	-3.8544060706723	-1.5432044489093	1.3478077005411
42319	 Cyp4a10 	X71478 	0	-1.035084169733	1.1917175451736	-1.1513242884209	-9999	-2.0718421617539	-2.0771777726182	-1.67090580051	-9999	1.7220681455792	2.8487762062307	1.7807679608277	-9999	-2.5662009810315	-2.0280173524911	-1.1842180235485
35603	 Cyp4a12 	NM_177406 	0	1.0773777444058	1.1499368731234	-1.2389163945748	-9999	-1.9700205660183	-2.1697020533932	-1.5077523012575	-9999	1.4530514761801	2.488404625802	1.277753266863	-9999	-2.0645842027719	-1.4265697148753	1.0382214564456
38409	 Cyp4a12 	NM_177406 	0	-1.0887209666455	-1.0239275459842	1.1147713876389	-9999	-1.1296541097947	1.7249742377627	2.1250180011394	-9999	1.720662181096	1.8467266364875	1.4856024718201	-9999	-1.1569510555968	1.2470320439663	2.7396470327703
28351	 Cyp4a14 	NM_007822 	0	-1.9683032066231	1.4522654318195	1.3553329601443	-9999	1.2753664847132	-1.1057501322903	-1.8162766512487	-9999	9.6507263230732	5.783016081526	9.5287075934786	-9999	-18.421373155533	-5.4309024243046	1.0380828112954
25989	 Cyp4b1 	NM_007823 	0	-1.1957547094354	1.1203739437671	1.0672817911267	-9999	-1.2735796176309	-1.1252812953476	-1.0604839499287	-9999	-1.6335938885364	1.9451401576201	-1.2621619979624	-9999	-2.3279309803985	-2.1741880279797	-1.0097707817466
43791	 Cyp4f13 	NM_130882 	0	-1.0485407982515	1.0208329196679	1.0271424226724	-9999	-1.4110608202414	-1.1507403280199	-1.173738994983	-9999	-1.5214848536855	1.1771225151854	-1.8638516107168	-9999	-1.9094853615015	-1.4955823572793	-1.0614201629907
35203	 Cyp4f14 	NM_022434 	0	-1.0226062278635	1.0986234548396	-1.0743367533903	-9999	1.2770498978279	-1.5040412011911	-1.2854782513505	-9999	-1.3899437765686	-1.2106438309151	-1.5449845234579	-9999	-1.0116324072118	1.1294574298674	-1.3332725364185
2565	 Cyp4f15 	NM_134127 	0	1.0265235881526	1.0233684726191	-1.0505118765153	-9999	-1.1788866961369	-1.1526118139528	-1.0944973055856	-9999	1.0909678019882	1.5341782918957	-1.6405072977261	-9999	-2.2811464432425	-1.445350465515	-1.1671884106363
3147	 Cyp4f16 	NM_024442 	0	1.1262941628388	-1.1087046440437	-1.0158649274986	-9999	1.3136604754225	-1.0740635210266	1.1113264051822	-9999	1.0035893254133	-1.2095891057387	1.0562947793571	-9999	-1.1488096279913	-1.0714321814503	1.0542670500419
40823	 Cyp4f16 	NM_024442 	0	-1.6965770972651	1.7393252431485	-1.0251967010237	-9999	1.9376922399134	-1.5950297948264	-1.5141210595706	-9999	-1.6240574946196	-1.4010373073595	1.3224607766541	-9999	-1.0174901180195	1.2228967758853	-1.5855359735598
20074	 Cyp4f18 	NM_024444 	0	1.0069113431383	1.1276853366927	-1.1354791570067	-9999	-1.185626961328	-1.5953393103514	-1.434748127659	-9999	-1.9637403625534	1.1221707214318	-1.9782449541846	-9999	-1.787421866812	-1.6383137140115	-1.1964313014393
17569	 Cyp4v3 	NM_133969 	0	1.2325938599413	-1.05377526434	-1.1696932938668	-9999	-1.4352174299274	-2.1175213606409	-2.2769683817872	-9999	-1.0742862075844	-1.0004122476824	-1.2318703435486	-9999	-1.178644950624	1.0057499044877	-2.3539975147603
17083	 Cyp4x1 	AK038526 	0	-1.4030851667198	1.434210067306	-1.0221831869686	-9999	1.2292119301639	-1.7003222320126	-1.7527308602567	-9999	-1.2116186044861	-1.3197696391154	1.3978055698107	-9999	-1.1525955362822	1.8490675057357	-1.3167630564718
5753	 Cyp51 	NM_020010 	0	-1.4290846902638	1.3653592387275	1.0466730291404	-9999	1.646809764194	-1.5379597393374	-1.6464970869107	-9999	-1.1892138723416	2.0573445636281	1.3803030045661	-9999	2.5774546539702	2.8519639616897	2.0901046590147
18292	 Cyp51 	NM_020010 	0	-1.6046894597423	1.2887657920352	1.2451366025228	-9999	-1.0223229256917	-1.609518600495	-1.2695926514293	-9999	-2.5523545353104	-1.0674789013988	1.1626312713036	-9999	1.2391674585272	1.3273272177816	1.1687671591963
30412	 Cyp51 	NM_020010 	0	-1.5338042376977	1.3393974465873	1.1451449617183	-9999	-1.0609849740056	-1.845850541669	-1.5891168524403	-9999	-2.0251469084382	1.5603192505499	1.0105654977231	-9999	1.1998403602901	1.2025204388377	1.5271843561246
1916	 Cyp7a1 	NM_007824 	0	-1.3391482763781	1.1352835193151	1.1795716696267	-9999	1.4849609505698	-2.7469747451442	-1.0945652765147	-9999	-1.0460987102947	1.2499203340308	1.9266566833557	-9999	2.9799867518438	3.0389624461216	1.449319159052
18993	 Cyp7a1 	NM_007824 	0	-1.1780760672383	1.3021339633014	-1.105305505742	-9999	2.6252620868187	-1.6121124551167	1.4355808839117	-9999	2.5092369067297	6.6096226618975	2.6394209934326	-9999	7.2416522642958	3.7228871054095	2.8335225071546
14579	 Cyp7b1 	NM_007825 	0	1.3933920660273	-1.3793442432275	-1.010184421234	-9999	-2.0709454843867	1.8629510053828	2.0837467397405	-9999	-1.1378988713723	1.8922635915873	1.9208030353046	-9999	4.2793256151176	2.7931118885052	2.1117686257236
37708	 Cyp8b1 	NM_010012 	0	-1.0618406160064	1.0990556081305	-1.035047625381	-9999	-3.5608635600468	-2.7791182958444	-2.2186001260802	-9999	-3.4504229463258	-1.7458355526521	-1.7479392450481	-9999	-1.5034615760984	-1.3685237328975	-1.4539930590631
36814	 Cypt12 	AK005586 	0	1.157090514383	1.1016517618153	-1.2747108037498	-9999	-1.1977044596878	1.9451913664875	1.9451913664875	-9999	-1.0500613333938	1.2854711475548	1.3950967703804	-9999	-1.2455772478763	1.5160388593121	1.051086198016
20816	 Cypt2 	NM_173436 	0	1.6867200212256	-1.3390043873089	-1.2596822215165	-9999	1.5016720586534	1.6867200212256	3.0482178364536	-9999	1.3476366083036	1.4457083853211	-1.000983687338	-9999	1.1399846406553	1.4139052269831	1.227088822059
1051	 Cypt3 	NM_173367 	0	1.3062530976217	-1.2137735426119	-1.0761917703452	-9999	-2.0862130928766	1.3062530976217	1.3631973505042	-9999	-1.1048050905921	1.2107069440605	1.3590512468408	-9999	1.0152297444361	1.0152274067859	1.3946098662871
32938	 Cypt4 	NM_173412 	0	-1.3041313448855	1.1419857025749	1.1419857025749	-9999	1.1419857025749	2.6085530097297	1.1419857025749	-9999	-1.9771168314776	1.1343932578623	-1.1109827948721	-9999	1.1419857025749	1.1419857025749	1.2253421324937
34876	 Cypt6 	NM_025738 	0	1.0898899970417	1.0898899970417	-1.1878602056515	-9999	1.1024767936998	1.0898899970417	1.0898899970417	-9999	1.0898899970417	-1.0106319720588	1.4324143616123	-9999	1.0898899970417	-2.0259994976179	1.1477004889632
