	"983-2 (replicate)"	"983-1"	"V + X12"	"P2 + X12"	"P2 + X24"	"NE + X24"
134_BF550822	-0.191984	-0.162674	0.0394851	-0.800588	-0.732977	0.0373347
374_Spry1_predicted	0.898288	-0.182217	0.0155734	0.495231	0.22096	0.0426969
441_XM_341175	0.40812	-0.0171113	-0.318079	-0.583993	-0.724695	-0.101598
465_Dtnbp1	-0.371876	-0.175331	-0.309234	0.787479	-0.050431	-0.141954
530_LOC689670	-0.402506	-0.17979	-0.318523	0.86531	-0.0516829	-0.107124
543_Alpl	-0.834258	-1.0737	0.107783	-0.21338	-0.159999	-0.210389
544_ENSRNOT00000012428	1.25266	0.298516	0.00266672	-0.156643	-0.0878578	-0.0614208
551_Ubd	0.0666576	0.860293	-0.0763271	0.785148	0.316558	-0.417224
561_Timp1	0.449771	0.520815	0.0506665	-0.113529	-0.159923	0.81467
569_TC556784	0.193686	0.22701	0.191088	0.55273	1.41117	-0.00140616
751_Cyp2e1	-0.0624592	-0.500414	-0.0520047	-0.476039	-0.188384	-0.990387
858_M16829	0.215909	0.136107	-0.302891	-0.792588	-0.767497	-0.0170999
899_Il1f5_predicted	0.0749095	0.0875343	-0.27251	-0.634154	-0.738977	0.00085169799999996
966_Gal	-0.0095668800000001	-0.0736486	0.131708	0.712887	0.653481	0.0113551
1004_Cklf	0.238626	-0.025043	0.0482822	-0.592994	-0.787083	0.185911
1112_Tbc1d12_predicted	0.217375	0.0243309	-0.285385	-0.711829	-0.575235	-0.0476953
1115_LOC691487	0.516582	0.508406	0.743523	0.275616	0.100501	0.503626
1464_Trpv2	0.227502	0.0416662	-0.0425503	-0.69605	-0.725124	0.0995459
1570_Rhoa	-0.349499	-0.00637243	-0.845963	-0.229291	-0.132469	-0.0567287
1572_Apobec1	0.746304	0.0210192	0.147123	-0.42	-0.437417	0.398069
1704_RGD1562186_predicted	-0.243228	-0.042559	-0.322998	-1.60125	-1.73372	0.308055
1732_AI013214	-0.413586	-0.176322	-0.38935	0.71803	-0.0700932	-0.125033
1772_Kntc2_predicted	-0.168076	-0.725624	-0.1701	-0.0403762	0.141926	0.0318866
1903_Gap43	-0.22456	-0.498817	-0.0919957	-0.327214	-0.811856	0.0487049
1937_Adm	0.0751618	0.217543	0.0106181	0.741269	0.591142	-0.0755158
1986_TC561929	-0.414999	-0.173332	-0.346031	0.838177	-0.0885354	-0.140816
2000_RGD1563577_predicted	0.160171	0.00906667	-0.19975	-0.850579	-0.638892	-0.28501
2107_Ube2c_predicted	-0.192085	-0.803002	-0.480841	-0.344779	-0.33387	-0.106237
2142_LOC686579	-0.0530694	-0.0169668	0.0178171	0.567025	0.7811	-0.0393065
2159_A_44_P654629	-0.357281	-0.151077	-0.33506	0.855751	-0.0866294	-0.186797
2177_Krt2-7	-0.792719	-0.820083	-0.258522	-0.0955579	0.0095084	-0.518272
2198_Tf	-0.534385	-0.885518	0.0490429	-0.0645263	0.0826532	-0.083631
2257_LOC682651	-0.176899	-0.129533	0.283769	0.924716	0.803488	0.456973
2264_Slc5a5	0.274257	0.716116	-0.431656	-0.954862	-0.790018	0.0521001
2315_RGD1311975	-0.108269	-0.151547	-0.0484335	0.793922	0.393558	0.300406
2335_RGD1560183_predicted	0.00622823	0.0875677	-0.0906243	-0.915046	-0.583475	-0.0600358
2374_Bnc2_predicted	-0.393595	-0.193571	-0.328376	0.769584	-0.0631561	-0.101117
2428_CB544348	0.0669249	-0.16147	0.327495	0.405432	0.854668	-0.072304
2540_Mcsp	-0.412413	-0.190789	-0.309379	0.791849	-0.0561113	-0.104767
2582_Svop	-0.417289	-0.169438	-0.33288	0.811382	-0.0761447	-0.130623
2583_Spp1	0.0123747	0.330263	0.563118	0.694738	0.664013	1.19934
2668_Spp1	0.029267	0.338277	0.556389	0.722456	0.662719	1.19908
2680_Serpinb13_predicted	0.137314	0.155488	-0.342818	-0.741904	-0.977502	-0.223788
2709_Csf1r	-0.42589	-0.180447	-0.3276	0.721643	-0.0437213	-0.0984204
2745_Cma1	-0.439455	-0.709645	-0.570244	-0.142812	-0.274028	-0.333386
2753_Il1f8_predicted	0.16429	0.0771835	-0.271369	-0.932012	-1.29656	-0.226625
2766_TC566845	-0.106515	-0.120773	0.0160198	1.27285	1.22418	-0.175828
2788_RGD1308559_predicted	-0.395752	-0.172934	-0.331144	0.753081	-0.0513747	-0.118774
2822_RGD1562408_predicted	0.728558	0.363289	-0.206379	-0.768178	-1.02187	-0.390866
2869_AF473849	-0.46387	-0.184156	-0.358704	0.735755	-0.00676573	-0.0893299
2964_BF282856	-0.433333	-0.203898	-0.358345	0.722286	-0.0320263	-0.0990838
2976_Gap43	-0.219434	-0.510973	-0.109612	-0.333491	-0.819098	0.0542362
3085_BF286556	-0.405233	-0.171609	-0.34492	0.819182	-0.0847909	-0.13501
3118_MGC72614	0.0825061	0.0220975	-0.0295535	-0.727255	-0.547495	0.0978743
3151_Ccl2	0.739122	0.973111	0.232169	-0.754105	-0.626158	-0.0850826
3165_Slc17a6	-0.261601	-0.379908	-0.0171527	0.705735	0.222938	0.098665
3167_AI059920	-0.417907	-0.164794	-0.349361	0.783033	-0.0415463	-0.128763
3214_LOC171161	-1.75645	-1.8421	-0.033185	-0.278643	-0.412002	-0.269162
3291_CF110144	-0.20692	-0.23488	-0.184523	-0.707218	-0.608817	-0.0361864
3326_Fkbp5	0.217042	0.199769	0.523497	0.837149	0.867148	0.0502181
3390_TC562387	-0.0218252	-0.158509	-0.247755	-0.473989	-0.792498	-0.0680975
3409_Ttk_predicted	-0.210159	-1.10838	-0.421869	-0.861432	-0.759144	0.0413353
3424_Mt1a	-0.0668946	0.108113	0.417703	1.12825	1.06271	0.535243
3461_Timp1	0.442019	0.529738	0.0553102	-0.117351	-0.156174	0.805802
3560_TC528997	-0.112104	-0.117496	-0.156585	-0.573842	-0.826946	-0.0952376
3582_Spp1	0.0443826	0.368164	0.521287	0.700832	0.658088	1.20755
3608_RGD1559807_predicted	-0.0085769499999999	0.155245	0.276674	0.288477	0.719716	0.0119319
3701_Timp1	0.449274	0.531184	0.0482454	-0.108079	-0.1568	0.7813
3751_TC558548	0.247737	0.262755	0.0570413	-0.774664	-0.531798	-0.0374314
3763_Zfp358_predicted	-0.317415	-0.159033	-0.244811	0.792974	-0.0532785	-0.114292
3798_Itgb7	0.409134	0.186312	-0.322938	-0.740704	-0.824022	-0.0826434
3847_Stfa3_predicted	-0.00751108	-0.237119	-0.537697	-1.17607	-1.31951	0.00668019
3861_Slc22a12	-0.176355	-0.1993	0.0468616	0.699706	0.286073	0.0875641
3894_CO396111	0.595785	0.449088	0.861478	0.188341	0.0660382	0.65615
3980_Slc17a6	-0.188766	-0.453314	-0.00767253	0.721102	0.168843	0.0365736
4010_BG668902	0.0652582	-0.162831	-0.559141	-0.389496	-0.922203	-0.387108
4056_Ptgds2	-0.0531781	-0.422996	-0.186251	-0.831144	-0.966735	0.146558
4113_Rhoa	-0.347418	0.00819729	-0.83399	-0.227827	-0.134336	-0.0556231
4137_Ka24	0.16343	0.0989323	0.404715	-0.712274	-1.19814	-0.127581
4211_Nr4a3	-0.00391644	0.370441	-0.597873	0.442682	-0.417763	-1.2084
4237_Bbc3	0.262957	0.4595	0.706927	0.644842	0.691949	0.591227
4243_Gal	-0.0406873	-0.182115	0.134338	0.738295	0.606447	0.0195091
4248_Pla2g3_predicted	-0.359256	-0.169715	-0.326913	0.752021	-0.0473545	-0.104839
4251_Plk1	-0.371183	-0.900088	-0.509149	-0.461084	-0.376369	-0.0665226
4294_Il2rg	-0.319774	-0.188561	-0.308639	0.762337	-0.0399153	-0.100928
4302_Col2a1	-0.387572	-0.240814	-0.330063	0.746526	-0.0211541	-0.0975227
4407_Slc17a6	-0.324847	-0.547236	0.0297829	0.712806	0.211998	0.0828479
4496_TC542387	-0.14079	-1.00281	1.083	1.16138	1.19423	0.944483
4562_XM_344059	-0.402653	-0.186349	-0.326566	0.867382	-0.0256146	-0.117708
4639_XM_228818	-0.0427341	0.0437267	0.158474	0.595708	0.72649	0.0202659
4648_RGD1561642_predicted	0.171899	0.755094	0	0.29689	0.13032	0.114568
4654_TC541627	-0.137747	-0.166131	0.0309678	-0.941125	-0.502766	0.0141485
4659_Sele	0.410431	0.439465	-0.0733306	-1.00788	-1.165	-0.146603
4733_BQ206852	0.0162546	0.932722	0.0660675	-0.0901606	-0.0925695	-0.10347
4831_TC563191	-0.378122	-0.153179	-0.332417	0.812354	-0.0534985	-0.115016
4842_Gcat	0.0276378	0.0364089	-0.171221	-0.717083	-0.656428	-0.00412534
4923_XM_342961	-0.295313	-0.144261	-0.313134	0.742378	-0.0265687	-0.0944702
4930_Cdkn1c	0.486182	0.73627	0.159067	0.293528	0.167292	0.290528
4986_Cfi	-0.993612	-1.07552	0.137126	0.0466726	0.0942416	0.521421
5040_Adm	0.0940586	0.222401	0.0060494	0.750226	0.584356	-0.0762924
5209_Trh	0.141195	0	0.461344	1.04021	1.19591	-0.0109969
5246_AW533447	-0.399285	-0.20157	-0.387197	0.859749	-0.115313	-0.200419
5353_Klk1c10	-0.392697	-0.184848	-0.36922	0.842061	-0.0564565	-0.117242
5432_Rptn_predicted	0.169882	0.0420408	-0.502666	-0.701597	-1.12	0.0495769
5590_XM_237297	-0.413332	-0.901819	-0.0703621	0.214201	0.209696	0.0904997
5733_TC563202	0.0432985	-0.212254	-0.16722	-0.283804	-0.15998	-0.712175
5741_AI230709	-0.350078	-0.173558	-0.359858	0.704894	-0.0252628	-0.0987408
5854_Adora2b	-0.319492	-0.709814	-0.0088598799999999	-0.491316	-0.650029	0.0033144
5960_XM_221094	0.898487	0.690128	-0.0836604	-0.662194	-1.02345	0.276854
5962_Armcx2	-0.261317	-0.169274	-0.27537	-0.868091	-0.851861	0.120414
6001_TC545665	0.0339145	0.178685	-0.30941	-0.90379	-0.982477	-0.201415
6035_Ltk_predicted	-0.337984	-0.152918	-0.233246	0.842682	-0.0309605	-0.0929519
6060_Cyp2f2	-0.084392	0.0126384	-0.500709	-0.958367	-1.1296	0.0739064
6077_A_44_P508621	-0.432951	-0.167015	-0.397564	0.725138	-0.0941973	-0.160961
6234_Gp2	-1.02671	-1.35711	-0.0676393	0.334028	0.168623	0.0688233
6253_Kb36	-0.408136	-0.176294	-0.341079	0.846244	-0.051234	-0.126316
6293_LOC680443	0.283588	0.412235	0.708538	0.00458282	0.0547395	0.417518
6332_Ka11	0.19329	0.188898	-0.381354	-0.991745	-1.01299	0.717738
6355_AA964661	-0.0540235	-0.380898	0.115964	0.740384	0.288187	0.070694
6442_Tspan1	-1.001	-1.08102	-0.0337186	-0.0874153	-0.235216	-0.273522
6481_Adm	0.0732493	0.217627	0.0263053	0.767378	0.591494	-0.0771723
6506_AI408856	-0.418611	-0.19759	-0.353586	0.832577	-0.055737	-0.135106
6513_LOC294446	0.193784	0.128259	-0.182783	-0.71748	-0.707411	-0.10169
6629_Ccl2	0.739278	0.966863	0.233902	-0.760188	-0.640668	-0.0939522
6777_Isg20	0.508348	0.222743	0.468318	0.486983	0.791778	0.139867
6826_G0s2	-0.46138	-0.564349	-0.847879	-0.639867	-0.957579	-0.101704
6856_Spbc24_predicted	-0.196009	-0.755658	-0.192645	-0.265007	-0.114592	-0.0354473
6926_Rdh12_predicted	0.108362	0.294002	-0.0615605	-0.740001	-0.819724	-0.116128
6989_Mamdc2	-0.0897424	-0.0950804	-0.162627	-0.410271	-0.191498	-0.813177
7048_BF556360	-0.109313	0.00815556	0.229742	0.873429	0.977232	0.129867
7113_XM_342752	1.00715	0.382119	-0.130474	0.0561812	-0.134352	0.489362
7166_Plagl1	-0.41067	-0.165904	-0.261739	0.776395	-0.00579499	-0.121898
7246_Kcns2	-0.384854	-0.162024	-0.302656	0.873444	-0.0869456	-0.128877
7278_ENSRNOT00000021645	0.731563	0.821495	0.240296	-0.138839	-0.402073	0.216056
7396_LOC682604	0.0807551	0.389371	-0.181181	-1.10953	-0.904105	-0.146652
7438_ENSRNOT00000034750	-0.392855	-0.165696	-0.352793	0.709246	-0.0231385	-0.104733
7453_Rbp2	0.0373548	0.129322	-0.0991039	-0.727464	-0.996719	0.170439
7487_Dach2_predicted	-0.369543	-0.185189	-0.37217	0.829618	-0.0990896	-0.16536
7545_RGD1559717_predicted	0.492203	-0.179995	-0.267656	-0.526851	-0.723279	-0.508733
7593_Prkcb1	0.467236	-0.0450885	-0.322989	-0.529122	-0.710445	0.0130938
7812_Fmo3	-0.255395	-0.353129	0.3401	0.518941	0.876181	-0.0620718
7900_Nudt5	0.304041	0.291668	0.104757	-1.02943	-1.35804	0.301863
7984_ENSRNOT00000041325	0.101289	-0.165083	-0.881847	-0.990109	-1.48351	-0.0245464
8135_Adm	0.0873402	0.205607	0.0149315	0.751371	0.597562	-0.0807107
8139_Myod1	0.256017	0.949094	-0.0382722	0.402563	-1.09538	0.291985
8308_Pycs_predicted	-0.100052	-0.162067	0.0696167	-0.834477	-0.721663	-0.0909301
8319_Syt8	-0.379899	-0.18209	-0.360796	0.825877	-0.0790723	-0.159749
8381_RGD1562156_predicted	0.839848	0.693241	-0.0313953	-0.372699	-0.744786	0.217172
8514_Cdkn1c	0.833228	0.980261	0.504017	0.221594	0.147307	0.355894
8604_TC523929	-0.352255	-0.535708	-0.636858	-0.874022	-0.895918	-0.583012
8624_BE117514	0.100476	0.127721	0.171774	0.863227	0.277422	0.13435
8696_BF405897	-0.276787	-0.183254	-0.333751	0.861595	-0.0543514	-0.13276
8698_TC550284	0.614449	0.126249	-0.247816	-1.17965	-1.26685	0.0192357
8756_RT1-Aw2	-0.00480526	-0.828552	-0.121218	-1.05021	-1.08764	-0.260406
8767_LOC681870	-0.42294	-1.26733	-0.487734	-0.664977	-0.777359	-0.0655088
8777_S100a8	-0.213873	0.139135	0.123006	-0.584259	-0.491342	0.936641
8964_AI454457	-0.0994494	-0.28286	0.153023	0.396192	0.837734	-0.204136
8984_RGD1563437_predicted	-0.144423	0.0911449	0.00118549	0.642264	0.767448	0.202245
9030_BF558337	0.0504644	-0.619884	0.249637	-0.522135	-0.18949	-0.830524
9145_Glycam1	-0.406066	-0.207546	-0.349149	0.854243	-0.0700803	-0.155066
9171_Ugcg	0.319658	0.0314061	-0.352595	-0.887407	-0.708546	-0.406842
9240_Irf7	0.614529	0.757412	0.569257	-0.185249	-0.0392498	0.471567
9262_Upk1b	-0.604333	-1.27085	0.524855	-0.313049	-0.36829	-0.185209
9311_LOC691431	0.080607	0.182562	0.151766	0.72347	0.830186	-0.223748
9330_LOC685485	-1.04978	-1.3622	-0.0155495	0.118853	0.0780162	-0.0696561
9333_Mk1	0.273184	0.190978	0.0350315	-0.70893	-0.465908	0.0392333
9349_AW919116	0.465999	0.773621	0.0114793	0.314148	-0.188521	0.444739
9360_Cyp2e1	0.0682702	-0.840188	-0.0450612	-0.473668	-0.176524	-0.996985
9705_RGD1564720_predicted	-0.528438	-0.888707	-0.00593459	0.0938676	0.0589	-0.0848766
9718_BE116623	-0.183035	-0.29609	-0.115714	1.00291	1.1289	0.197447
9740_AW520742	-0.408731	-0.204535	-0.320065	0.851908	-0.0041328	-0.112113
9774_Spin2a	-0.408717	-0.200479	-0.316418	0.826561	-0.0408132	-0.12215
9785_Rhoa	-0.335184	-0.00107878	-0.825032	-0.236429	-0.1326	-0.0658418
9871_Csta_predicted	0.118469	-0.100169	-0.398418	-0.905028	-0.968296	0.18551
9894_Spp1	0.0160001	0.32339	0.542258	0.714366	0.665298	1.20835
9948_Myf6	0.520443	0.827957	0.270694	0.70396	0.325399	0.408089
9954_Cyp26a1	-0.370798	-0.699128	0.0857995	0.300105	0.168522	0.0813545
10035_LOC259244	-0.82788	-0.854332	0.00388796	-0.318149	-0.246288	-0.17873
10146_Adm	0.106027	0.217683	0.0211195	0.76794	0.606037	-0.0854285
10165_Adm	0.110492	0.203676	0.00988927	0.767936	0.603909	-0.0830288
10187_RT1-Db1	0.719354	0.0700486	-0.0878554	-0.475177	-0.462115	-0.341071
10369_RGD1310769_predicted	0.0583367	-0.0594349	-0.178162	-0.902274	-0.844146	-0.0524727
10375_RGD1562268_predicted	-0.394958	-0.166091	-0.323824	0.80778	-0.059735	-0.121438
10433_Timp1	0.484758	0.525079	0.0459563	-0.0986684	-0.156284	0.744786
10434_Ly6g6d	-0.294778	-0.201627	-0.284001	0.77507	-0.0106447	-0.0870126
10480_AA858925	-0.409516	-0.162852	-0.359003	0.769693	-0.0460135	-0.118272
10533_LOC691929	0.078341	0.112183	-0.245963	-0.770728	-0.688934	-0.0256361
10601_AW142999	-0.255234	-0.151998	-0.134773	-0.852372	-0.59319	0.0880536
10671_Spna1	-0.380541	-0.181531	-0.366901	0.808792	-0.0466513	-0.115601
10720_Chia	-1.32209	-1.61375	-0.081876	0.374769	0.210207	0.100035
10726_XM_238109	0.139575	0.591687	-0.00161874	-0.784762	-0.900575	0.169791
10778_Rhoa	-0.33632	0.015213	-0.850665	-0.227404	-0.128928	-0.0683456
10791_RT1-Aw2	-0.0308628	-0.768566	-0.128803	-1.06262	-1.11388	-0.270575
10833_Lnpep	-0.41488	-0.166551	-0.3156	0.887649	-0.0360675	-0.119794
10836_CF108931	0.782501	0.319647	-0.0111043	-0.372729	-0.389762	-0.112258
10841_RGD1309383	-0.132012	-0.855661	-0.257389	-0.520727	-0.500791	-0.0586868
11004_AI599699	-0.388175	-0.159863	-0.3826	0.893623	-0.105118	-0.186861
11023_TC527977	0.2144	-0.176049	0.066592	-0.723803	-0.561204	0.00256304
11103_Csn10	-1.46003	-1.54235	-0.00629168	0.287774	0.27239	0.34115
11256_Bub1_predicted	-0.332812	-0.885334	-0.280454	-0.412252	-0.329311	0.0180082
11276_Krtap14_predicted	-0.503038	-0.757679	0.0599223	-0.16498	0.126801	-0.00743946
11304_AA901025	-0.391583	-0.191392	-0.346974	0.815347	-0.0467578	-0.120235
11334_CB548303	0.742921	0.496319	-0.0350985	-0.283621	-0.333467	0.298536
11336_Bst2	-0.0186356	0.396372	-0.729565	-0.321603	-0.542953	0.0955819
11394_Slc5a2	0.24101	1.08065	0.726035	0.0379206	0.0800504	0.455519
11550_Nr4a3	0.171086	0.651426	-0.596452	0.218366	-0.671356	-1.29968
11568_BG380409	-0.163738	-0.297361	0.0285977	0.701684	0.262828	0.0825409
11639_RGD1308143	-0.391426	-0.166079	-0.323836	0.811936	-0.0532233	-0.108548
11695_TC558364	0.167932	0.221295	0.0070941	0.717773	0.576398	-0.056934
11698_Spag5	-0.269632	-0.836703	-0.2235	-0.547198	-0.304385	0.0513381
11754_RGD1565787_predicted	0.0568328	0.0685707	0.0866654	-0.753357	-0.682943	0.29213
11818_BE108327	-0.403868	-0.18419	-0.366993	0.715622	-0.0287661	-0.107254
11855_Map1lc3b	0.0467461	0.0203582	0.0348429	0.37836	0.784912	-0.020692
11864_LOC683447	0.448188	0.869853	0.857784	0.567758	0.743311	0.544271
11879_LOC689210	-0.738825	-1.08414	0.168358	0.471535	0.68195	0.132639
11918_Col1a1	-0.648337	-0.760292	0.164398	-0.311737	-0.22049	-0.569296
12083_Xdh	-0.039167	-0.0304621	0.101017	0.709106	0.500869	0.0597648
12094_Bst2	-0.0485959	0.390693	-0.754148	-0.355675	-0.559746	0.0937817
12124_Tsc22d3	-0.248686	0.0370179	0.0866891	0.479801	0.705717	-0.257353
12192_MGC112682	0.0579129	-0.0342464	0.0285452	-0.728109	-0.485235	-0.0343759
12196_Ifna4_predicted	-0.347891	-0.190162	-0.37106	0.865277	-0.060041	-0.185347
12211_RGD1562705_predicted	-0.0350802	-0.114712	0.0458704	-0.702603	-0.80256	0.0362753
12232_AABR03006190	-0.0973859	-0.230972	0.262151	0.247512	0.702877	-0.0876385
12398_AI031053	0.259765	0.495719	0.311911	0.707677	0.850286	-0.263649
12430_Arg2	-0.0369975	-0.139271	0.104147	0.859699	0.324039	-0.150874
12432_RGD1559936_predicted	-0.364944	-0.18955	-0.418505	0.859782	-0.148228	-0.317526
12436_Prg4_predicted	0.107092	0.464551	0.138323	0.399314	0.425449	0.957607
12524_Il1rn	0.14435	0.157261	-0.236968	-0.681774	-0.8073	0.0325479
12603_AA956109	-0.423587	-0.174669	-0.369992	0.791986	-0.0635551	-0.143496
12641_Krt1-18	-1.03471	-1.26498	-0.261913	-0.243385	-0.0052385	-0.443871
12673_XM_216761	-0.405097	-0.194893	-0.424845	0.848323	-0.158022	-0.242744
12705_AW142871	-0.862177	-1.02872	0.243251	0.0808235	0.40524	0.250371
12734_RGD1561261_predicted	-0.388706	-0.190806	-0.387729	0.730614	-0.0741847	-0.146992
12747_XM_216266	-0.307084	-0.822708	-0.380441	-0.787515	-0.654788	-0.0698795
12796_RGD1562132_predicted	-0.408902	-0.199248	-0.338556	0.871891	-0.0703416	-0.155258
12821_Gm52_predicted	-0.407238	-0.179918	-0.330143	0.726047	-0.0231955	-0.0926339
12909_RGD1559710_predicted	-0.063491	-0.671124	-0.727834	-0.703434	-1.50647	-0.304797
13069_RGD1311530_predicted	-0.0283204	-0.20051	0.357247	0.525028	1.0867	0.324811
13149_Olr1337_predicted	-0.392221	-0.193854	-0.344216	0.878552	-0.0238953	-0.133193
13167_LOC683383	-0.384869	-0.193684	-0.313089	0.840239	-0.040831	-0.105139
13175_AI072953	-0.347988	-0.207881	-0.360227	0.836721	-0.0628259	-0.131326
13219_Clca2	-0.748052	-1.02307	-0.260288	-0.639805	-0.408519	-0.180436
13247_RGD1566042_predicted	0.0087488	0.169912	0.418346	-0.663125	-1.03261	0.0874066
13369_Trp53inp1	0.264342	0.301354	0.488558	0.615388	0.748007	0.390278
13434_Tmprss8	-1.01339	-1.13198	0.152648	0.298017	0.227309	0.0446125
13438_Tlr2	0.406649	-0.0259733	-0.10043	-0.291568	-0.804825	0.429415
13439_XM_215130	-0.412615	-0.763316	0.127628	0.335799	0.446175	0.0180763
13456_AW529005	-0.200323	-0.211069	-0.223192	0.728493	0.0521405	-0.0294907
13632_Igsf6	0.772331	0.281923	0.157002	0.0883147	-0.0467728	0.3854
13712_LOC683127	-0.0146068	-0.521203	-0.548268	-0.792054	-1.03224	-0.218192
13767_RGD1562847_predicted	0.802081	0.151194	-0.089357	-0.843189	-1.27557	-0.0507308
13870_Pdzd7_predicted	-0.375359	-0.187562	-0.320718	0.715965	0.0120487	-0.0994955
13882_Ccl2	0.751396	0.967265	0.235782	-0.755289	-0.634872	-0.100751
13910_LOC361990	-0.322242	-0.121081	-0.264516	0.792284	-0.0616931	-0.128044
13972_RGD1307059_predicted	0.0150178	-0.133757	-0.5338	-0.503428	-0.81609	-0.255944
14031_XM_217064	-0.324689	-0.189758	-0.284713	0.728399	-0.0332463	-0.0997989
14116_Klk10	0.203132	0.0918158	-0.119267	-0.71763	-0.511383	-0.363147
14118_Prkcb1	0.498134	-0.0836616	-0.305783	-0.54558	-0.735737	0.021479
14139_AI236061	-0.427079	-0.192558	-0.326591	0.881654	-0.0516399	-0.121629
14222_XM_344845	-0.434271	-0.18986	-0.377888	0.702796	-0.0578389	-0.129783
14228_BC092191	-0.0240691	-0.0153671	-0.00617559	0.81383	0.409379	-0.119237
14279_Ccl2	0.765591	0.980576	0.216867	-0.778155	-0.642488	-0.100873
14280_LOC310902	0.155948	0.232743	0.143441	-0.00034227300000004	0.267615	-0.748711
14453_LOC498022	1.01789	0.684671	-0.0281183	-0.438339	-0.983901	0.264812
14459_Muc4	-0.8582	-1.08347	0	0.155231	0	-0.0116529
14486_Mrc1_predicted	0.707486	0.419221	-0.00488748	0.161683	0.137154	0.254136
14592_Obp3	-1.25308	-0.817579	0.0886548	-0.274353	-0.142691	-0.0967428
14601_Timp1	0.457913	0.517219	0.0544894	-0.117392	-0.162507	0.79084
14643_RGD1310242	0.0842051	-0.0149716	0.190129	-0.806743	-0.885916	-0.235341
14663_Mafg	-0.269346	-0.104333	-0.285867	0.754733	-0.092063	-0.255561
14678_Ptpro	0.836154	0.620767	-0.105681	-0.906052	-0.436307	0.188706
14732_A_44_P889987	-0.402591	-0.173526	-0.347667	0.889156	-0.0820516	-0.152228
14734_Cxcl1	-0.25653	-0.288656	-0.0557925	-0.377068	-0.726779	-0.559881
14826_Sdro	0.19519	0.151427	-0.21482	-0.5714	-0.715285	-0.0942783
14850_AA850595	-0.361984	-0.19443	-0.322133	0.839609	-0.0622398	-0.12743
14863_BG380728	-0.358431	-0.157508	-0.321533	0.808018	-0.0617531	-0.126428
14865_TC562299	-0.407658	-0.194536	-0.34947	0.771699	-0.0648261	-0.119365
14891_Cdkn1c	0.669354	0.90586	0.288588	0.00061080499999999	0.0047911	0.190611
14930_LOC683288	-0.602444	0.127247	-1.05406	0.0230077	-0.00032263800000003	-0.0417836
14972_DV715356	0.0893217	0.215649	0.018062	-0.737808	-0.397821	0.0620714
14973_Gsta2	-0.71222	-0.860324	0.258716	0.107495	0.267513	0.14391
15052_Slc44a4	-0.768536	-1.05994	-0.389852	-0.654119	-0.956853	-0.229903
15057_Echdc1	-0.0528737	-0.106219	-0.0634059	-0.49119	-0.745826	-0.256088
15212_Cgm3	-0.0201027	0	0.578301	1.1889	1.30781	-0.216154
15220_LOC685179	-0.278041	-0.172839	-0.231717	0.703418	0.0228932	-0.0371574
15357_Muc5ac	-0.764316	-1.12144	0.0484676	0.372724	0.443587	0.224328
15363_Trim37_predicted	0.0746143	0.0379303	0.117577	-0.742454	-0.569855	0.185142
15369_RGD1564571_predicted	-0.0501444	-0.725345	-0.692655	-0.819716	-1.29832	-0.444231
15424_Muc4	-1.05686	-1.26911	0	0.0606171	0	-0.0160159
15464_Fscn2_predicted	0.0351732	0.107493	0.125867	0.718664	0.633955	-0.180954
15706_LOC686293	0.148358	-0.119601	-0.128599	-0.489859	-0.746747	0.00651063
15742_Wisp2	-0.0927999	-0.319408	0.0157919	-0.748363	-0.6419	-0.0667581
15787_BG671456	-0.0953165	-0.0970589	-0.0612397	-0.607984	-0.730627	-0.189883
15902_Timp1	0.448586	0.531412	0.0479122	-0.109703	-0.170587	0.79795
15903_Cyp2e1	-0.0567441	-0.3063	-0.046041	-0.493417	-0.212296	-1.02433
15910_Kntc1_predicted	0.0398575	-0.675319	-0.393443	-0.699664	-0.286406	0.0269113
15974_AI136055	-0.416697	-0.187179	-0.384831	0.771624	-0.0389952	-0.110627
15997_Kif20a_predicted	-0.201176	-0.73986	-0.406346	-0.0383033	-0.340901	-0.0111024
16038_XM_225713	-0.31078	-0.208176	-0.310121	0.810874	-0.0276093	-0.125005
16055_Clca3_predicted	-0.720701	-1.34456	0.26055	-0.451348	-0.385213	-0.107791
16070_Gsg1	-0.607095	-0.868891	0.101521	-0.217837	-0.257551	0.309548
16103_RGD1564406_predicted	-0.369585	-0.144866	-0.371992	0.734135	-0.0755293	-0.132596
16173_LOC292666	-0.379022	-0.185984	-0.30897	0.819087	-0.0359154	-0.0931574
16188_TC568082	0.487105	-0.00975486	-0.20422	-0.833496	-0.667452	0.135819
16225_Ankrd1	-0.0793232	0.929821	-0.0902762	0.943564	0.0967047	0.237148
16232_AW915309	-0.413472	-0.176432	-0.0512591	-0.680862	-0.819636	-0.355438
16307_LOC678910	-0.705764	-0.645336	0.90391	0.086747	0.7585	0.428684
16417_RGD1565395_predicted	-0.30576	-0.767998	-0.31033	-0.517439	-0.614576	-0.159904
16460_Ccl2	0.758981	0.96714	0.233667	-0.751433	-0.626088	-0.103605
16480_CB546035	0.0855107	0.0188485	0.24151	0.613393	0.838341	0.0636776
16595_Tacr2	0.600357	0.882839	0.419334	0.102672	0.0767658	0.270781
16673_Rasl12_predicted	-0.411884	-0.175163	-0.295432	0.810432	-0.0865551	-0.17586
16695_Rrm2_mapped	0.359566	0.15112	-0.0311656	-0.765095	-0.727364	0.0710478
16706_Glis2_predicted	0.0688319	-0.105504	0.0865741	-0.508232	-0.820659	-0.327949
16720_AA964077	0.0991698	0.168323	0.292699	0.712421	1.06794	0.14319
16776_Gal	-0.0146666	-0.175483	0.125111	0.730121	0.634617	0.0585756
16795_BF564475	-0.332068	-0.159308	-0.339266	0.84463	-0.0481419	-0.122834
16869_LOC298795	0.06501	0.0846201	-0.111247	-0.709218	-0.816767	-0.152452
17039_Gdf15	0.403047	0.78317	0.751949	0.695211	0.937069	0.598238
17141_S100g	-0.497548	-0.733083	-0.00581233	0.462831	0.290117	0.12505
17199_BM384243	-0.0890438	-0.182595	0.0284061	0.720986	0.403273	0.231461
17203_AA817898	-0.340677	-0.193396	-0.317532	0.842554	-0.0506596	-0.106133
17274_RGD1561153_predicted	-0.284097	-0.296995	0.0258915	0.730298	0.288692	0.122837
17372_AW917132	-0.292415	-0.77125	-0.182556	-0.445425	-0.117429	-0.495301
17474_ENSRNOT00000040993	-0.175235	-0.00542293	-0.296121	0.7171	0.0141107	-0.181195
17592_Spp1	0.0334143	0.326908	0.532033	0.70445	0.671648	1.20671
17593_TC550302	0.0609007	0.0555531	-0.156922	-0.611109	-0.887891	-1.00111
17594_AW142822	-0.419613	-0.209036	-0.279619	0.825311	-0.0396442	-0.107873
17666_Rhoa	-0.32097	-0.00073508500000005	-0.824981	-0.227301	-0.129163	-0.0694963
17670_TC541862	0.146917	0.467466	0.884689	0.821187	1.29846	0.196184
17776_RT1-Aw2	-0.0406101	-0.869934	-0.125838	-1.06075	-1.11316	-0.28411
17798_Prom1	-1.07067	-1.23978	0.130585	0.494864	0.582001	-0.192551
17862_RGD1310433_predicted	-0.538138	0.182526	-0.716308	-0.126616	0.0687249	-0.0434517
17879_Mki67_predicted	-0.204049	-1.13635	-0.434358	-0.716039	-0.618413	-0.134103
17920_BC091324	0.421785	0.48835	0.88938	0.338825	0.391577	0.69706
17968_Rwdd2_predicted	-0.389797	-0.18836	-0.34418	0.786353	-0.0462458	-0.126236
18000_Il1f6_predicted	0.435973	0.178716	-0.370151	-0.328454	-0.8658	-0.235749
18005_Trim63	0.125221	0.497359	0.160414	0.93584	0.985698	-0.0405327
18023_Acy3	-0.342368	-0.206613	-0.277292	0.748949	-0.0427702	-0.090878
18043_AI060265	-0.0170626	0.0291308	-0.0373593	-0.783738	-0.647471	0.0465687
18067_Olr1750_predicted	-0.36758	-0.183567	-0.297767	0.78835	-0.0226599	-0.0721614
18132_AW143783	0.763823	0.613132	0.110882	-0.377571	-0.31163	0.20559
18146_TC538354	-0.25721	-0.105549	0.158028	0.969859	0.745856	0.0828974
18228_Ms4a11_predicted	0.812197	0.645713	0.0675269	0.125364	-0.0278807	0.20459
18293_AI763958	-0.424343	-0.182175	-0.359298	0.880241	-0.0923038	-0.163714
18338_AI045814	-0.439544	-0.148302	-0.376157	0.816428	-0.0669788	-0.133824
18370_Atp11a_predicted	0.0497642	-0.0586414	0.0936325	0.369567	0.709733	0.0792694
18471_BF544403	0.116524	0.393711	-0.156908	0.57744	0.857002	0.00429324
18535_Expi	-0.359306	-0.959082	0.132065	-0.656235	-0.888067	0.58498
18763_TC543900	-0.0935097	-0.0403093	0.126416	0.999792	1.05485	-0.0410128
18767_BG381647	-0.395787	-0.153788	-0.365595	0.710522	-0.0802984	-0.14122
18798_U39609	-0.315347	-0.762951	0.0387646	-0.168877	0.0312614	-0.0298763
18852_Idi1	-0.0454717	-0.130015	-0.0647977	-0.579569	-0.735297	-0.293314
18918_Slc39a2_predicted	-0.220083	-0.233196	-0.102329	-0.733477	-0.965539	-0.202806
19023_Hcn2	-0.276408	-0.215427	-0.250325	0.750074	0.00121937	-0.0632149
19210_AA926345	-0.131106	-0.0781411	0.0757475	0.701732	0.232762	0.192212
19270_Tac4	0.243026	-0.180767	-0.345739	0.822114	-0.0818979	-0.161756
19288_LOC499721	-1.29078	-1.20283	-0.0853472	0.433156	-0.0439724	0.156846
19326_C3	-0.298514	-0.811925	0.0182598	-0.40245	-0.600305	-0.0640613
19391_RT1-Aw2	-0.0390433	-0.827617	-0.130766	-1.08928	-1.11217	-0.290513
19404_BF548548	0.227547	0.346998	0.588845	0.654619	0.727202	0.054088
19621_Ankrd2_predicted	0.212933	0.827949	0.144068	0.297461	0.273158	0.422854
19676_Zbtb39_predicted	-0.346504	-0.194312	-0.341807	0.856646	-0.0658062	-0.149289
19706_Arsg	-0.343703	-0.187836	-0.232073	0.749152	0.00073195900000003	-0.064142
19821_BC092191	0.00358929	-0.133085	-0.185553	0.807548	0.395278	-0.217454
19922_Slc17a6	-0.306581	-0.434371	-0.0486289	0.711678	0.219463	0.114112
19932_Sln	0.724555	0.849443	0.0860073	-0.0651585	-0.152892	0.840713
20074_RGD1564943_predicted	-0.185692	-0.0208569	-0.146484	-0.77878	-0.485035	-0.0609563
20126_Plcd4	0.863873	1.07669	0.157373	-0.49045	-0.65226	0.342968
20208_Selenbp1	-0.932383	-1.042	-0.136617	-0.325202	-0.297116	-0.203459
20227_LOC500300	-0.368435	-0.485602	0.211376	0.382956	0.735185	-0.140296
20273_Crabp2	-0.0934387	-0.037571	-0.028634	-0.697993	-0.802805	0.0350947
20282_Cyp2e1	0.380239	-0.806427	-0.0596815	-0.499475	-0.189053	-1.03928
20328_RGD1306841	0.0746722	0.0988137	-0.0567647	-0.723198	-0.595437	0.0396109
20331_AI071763	-0.486744	-0.161264	-0.362871	0.757677	-0.061549	-0.12896
20516_TC522835	-1.05238	-1.11848	-0.355971	-0.259522	-0.431496	0.382295
20538_Pck1	0.242985	-0.621761	-0.128333	-1.09713	-1.31979	-0.379423
20578_Rhoa	-0.355057	0.00371814	-0.847578	-0.234601	-0.14019	-0.0849147
20615_Jag2	-0.0841007	-0.128755	-0.0807035	-0.700302	-0.49597	-0.205836
20715_AI045810	-0.397907	-0.156454	-0.321045	0.831023	-0.0461706	-0.124541
20717_BF523428	0.423218	0.404821	0.129531	0.862535	0.728338	0.236759
20742_Tepp	-0.310107	-0.181738	-0.425116	0.837908	-0.151267	-0.261109
20776_Guca2a	-0.376154	-0.167407	-0.31196	0.699219	0.0847479	-0.12148
20807_Cyp2e1	-0.148957	-0.482198	-0.0469187	-0.518845	-0.174189	-1.04123
20829_Mad2l1_predicted	-0.0042574200000001	-0.321332	-0.245805	-0.765898	-0.635893	0.0895451
20865_AI044900	-0.393929	-0.202424	-0.364643	0.83124	-0.0677202	-0.143793
20887_Ccl5	0.706421	0.394626	-0.0643587	-0.0139119	-0.0798995	-0.0703476
20970_TC560462	-0.363603	-0.965884	0.419325	0.0552461	0.261907	0.351503
21009_Aldh1a4	-1.02901	-0.174203	-1.36958	-0.0146177	0.0405505	-0.0362013
21036_BM384260	-0.334055	-0.137585	-0.31623	0.780902	-0.0369831	-0.126667
21161_Olr57_predicted	-0.555444	-0.304321	0.0910438	0.71752	0.240162	0.189504
21481_AA925651	-0.361717	-0.166305	-0.378987	0.895431	-0.0915887	-0.179951
21509_CF106934	-0.401933	-0.166044	-0.283046	0.711965	-0.103909	-0.121374
21529_TC563964	-0.379282	-0.14698	-0.332692	0.817106	-0.0575462	-0.110605
21572_Hmbs	0.101001	0.0572625	-0.139843	-0.637666	-0.717012	0.0411876
21654_Fkbp5	0.111832	0.343868	0.565624	0.442463	0.772174	0.0833666
21668_Serpinb12_predicted	0.475747	0.474203	-0.146469	-0.722162	-0.615619	-0.20172
21683_Gip	0.2044	0.765585	0.243764	0.498306	0.278684	0.211267
21686_RGD1561831_predicted	0.258779	0.396362	-0.306541	-1.00214	-0.932894	0.420295
21708_Cma1	-0.717863	-0.761757	-0.482764	-0.0439328	-0.251233	-0.290775
21747_RGD1564786_predicted	-0.0999947	-0.141121	-0.0221161	0.66241	0.797616	0.18272
21831_AI103284	-0.184093	-0.251105	0.0570336	0.704317	0.221879	0.098308
21851_LOC682159	-0.36235	-0.205311	-0.310219	0.784395	-0.0570099	-0.120503
21871_Slfn3	0.807462	1.00431	-0.166853	-0.572001	-0.434387	0.587181
21953_TC525120	-0.373595	-0.17037	-0.458774	0.817077	-0.216604	-0.30189
21996_Hal	-0.0583887	-0.0159682	-0.334365	-0.74824	-0.836888	0.0691306
22062_Dbi	-0.203633	-0.197959	-0.266005	-0.58835	-0.753927	-0.22404
22064_Gpha2	0.0643669	-0.455559	0.954562	-0.133473	-0.12498	0.319514
22089_Ms4a8b_predicted	-0.696433	-0.990257	-0.440867	-0.610339	-0.815573	-0.437752
22252_Rbp1	-0.549059	-0.483478	-0.42286	-0.58786	-0.728911	0.130726
22281_Gap43	-0.241502	-0.518382	-0.0891696	-0.346558	-0.833391	0.0318578
22284_CA509558	-0.400127	-0.173369	-0.342595	0.803972	-0.0585001	-0.110251
22336_Klf15	-0.16137	-0.0443402	0.28685	0.384983	0.854409	-0.117618
22418_Ms4a6b	1.02861	0.751015	0.109281	0.38687	0.098421	0.160973
22475_Gale	0.0819254	0.0275498	-0.215523	-0.622115	-0.777066	-0.045946
22498_U75921	-0.342516	-0.157041	-0.360663	0.728729	-0.0520182	-0.106007
22518_Armcx2	-0.0238795	-0.0239834	-0.219694	-0.652783	-0.724177	0.202065
22534_Mt1a	-0.148056	0.319464	0.741436	0.977116	1.16903	0.187467
22580_RT1-Aw2	0.345454	-0.855994	-0.129645	-1.09509	-1.10775	-0.287766
22590_XM_214835	0.0153578	0.00202132	-0.361289	-0.478846	-0.636437	-0.785684
22597_Racgap1_predicted	-0.271786	-0.737387	-0.156924	0.420889	-0.111833	-0.0156433
22611_LOC686809	-0.0218603	-0.0826225	0.217924	-0.749086	-0.638547	-0.029521
22617_TC552040	-0.0920942	-0.0344069	-0.270405	-0.728284	-0.386607	-0.40131
22632_Myog	0.119415	0.871745	0.0534735	0.177157	-0.485733	0.470134
22657_LOC686567	0.0663398	0.0609289	-0.121104	-0.762851	-0.864996	-0.237927
22690_Trim63	0.186713	0.630181	0.281501	1.29153	1.59671	0.0112029
22756_Ucp1	-0.019425	-0.528567	0.116993	0.707115	0.302618	0.344471
22776_Sult1c1	-1.30453	-1.26435	0.220386	-0.259305	0.47209	0.293428
22783_Ms4a6a_predicted	0.909659	0.717202	0.0567709	0.0957986	0.00411311	0.144316
22810_Spp1	0.0271302	0.342475	0.558337	0.726634	0.664667	1.2174
22932_Gal	-0.101086	-0.173926	0.104647	0.732739	0.63211	0.00156649
22950_TC568438	-0.201222	-0.0853793	0.138773	-0.733875	-0.507042	0.0266746
23042_LOC294446	0.189933	0.102296	-0.177605	-0.991618	-0.664941	-0.0820812
23178_LOC687595	0.176432	-0.01642	0.0206703	-0.758153	-0.783541	-0.074906
23268_TC539049	-0.0197376	-0.0800134	-0.197595	-0.729129	-0.58689	0.100726
23293_Galntl2_predicted	-0.0550975	-0.0357845	0.265988	0.610468	0.786846	-0.356624
23371_Uap1l1_predicted	0.0133644	-0.107844	0.154958	-0.447903	-0.700093	0.158142
23433_Cyp2e1	0.366671	-0.517295	-0.049754	-0.496694	-0.196852	-1.06154
23514_CB544995	0.138796	-0.104977	-0.299571	0.836904	-0.0205477	-0.0761259
23646_Slc27a2	-0.632967	-0.947914	-0.403586	-0.294077	-0.523934	-0.14542
23687_XM_214619	0.10762	-0.120939	-0.0108557	0.457148	0.783931	-0.16761
23728_Cyp11b3	-0.383144	-0.183308	-0.314109	0.868726	-0.031785	-0.106313
23740_Cyp2e1	-0.160456	-0.437377	-0.0527525	-0.475268	-0.192175	-0.983047
23755_TC558638	-0.641944	-0.755421	-0.128046	-0.184005	-0.0248891	-0.510347
23759_BF564613	-0.28394	-0.117814	-0.464588	0.812693	-0.194409	-0.304086
23779_BF558918	0.877815	0.520373	-0.268437	-0.564253	-0.981248	0.0908314
23871_Spin2b	-0.34633	-0.204435	-0.350474	0.809426	-0.0428119	-0.114935
23967_Oit3	-0.406657	-0.189794	-0.345933	0.840019	-0.0786571	-0.16082
24052_TC544957	0.0339568	0.0826165	0.0534832	0.901098	0.824139	-0.0235782
24154_AA924218	-0.149308	-0.0361522	-0.0432693	0.709868	0.566784	-0.0855265
24263_Flg	-0.336395	-0.251295	-0.339928	-0.750377	-0.348239	-0.401439
24369_XM_236746	0.174352	0.0662261	-0.613701	-0.606799	-0.899669	-0.547353
24385_TC550642	-0.100238	0.256591	0.0434472	0.62193	0.735912	-0.0704256
24426_Cxcl10	0.981068	1.573	0.595497	0.332591	0.396673	0.595752
24518_TC551872	0.843707	0.526588	-0.135416	-0.242801	-0.203375	0.0487112
24537_LOC684013	1.12319	0.188698	-0.0195081	-0.282757	-0.264022	-0.156907
24611_RGD1559748_predicted	0.770591	0.407573	0.113502	0.401847	0.206148	0.172518
24759_TC548367	0.0824483	0.185367	-0.244265	-0.710627	-0.998192	-0.369427
24784_Asf1a_predicted	-0.143898	-0.0730702	-0.22584	0.736957	-0.0229153	-0.103552
24792_LOC685479	0.0418481	-0.103655	0.471803	1.08363	1.15953	-0.170233
24866_Prkcb1	0.428019	-0.0578902	-0.324563	-0.553571	-0.73679	-0.00069121499999999
24924_Cipar1	-0.32652	-0.313676	0.180763	0.644841	0.552097	0.730099
24946_BF557670	0.0297506	0.0825476	-0.309458	-0.702189	-0.697872	-0.0924662
24955_Apln	0.2767	0.499481	-0.101323	-0.555589	-0.707228	0.140052
25058_Nr1d1	-0.0105384	-0.245704	0.401845	0.400554	0.799073	0.0294987
25139_Esm1	-0.164194	0.0975606	-0.149926	0.7833	0.882889	0.0910639
25221_BF404842	-0.367477	-0.179761	-0.334231	0.829116	-0.0711156	-0.147691
25268_Timp1	0.436317	0.534635	0.0492232	-0.110675	-0.175569	0.814332
25383_XM_221810	0.0391686	-0.319873	0.779709	-0.217746	-0.461998	-0.387258
25404_Serpinb2	0.222329	0.115311	-0.0283009	-0.773652	-0.720625	-0.0729532
25436_Ccl2	0.781463	0.963014	0.223053	-0.766454	-0.649489	-0.102719
25439_AI010719	-0.450503	-0.160987	-0.376464	0.733908	-0.0723352	-0.127189
25449_Dlk1	-0.389384	-0.232694	-0.389376	0.831797	-0.0915629	-0.244756
25508_CB547833	-0.0589951	-0.0661521	-0.0990497	-0.783128	-0.613151	-0.25593
25509_Stfa2_predicted	-0.247738	0.112344	-0.320998	-1.78482	-1.95606	0.284138
25580_Uox	0.050006	0	-0.333296	-1.07367	-1.14357	0.126052
25582_Adm	0.0838712	0.214966	0.0190232	0.754201	0.578848	-0.0979695
25680_Cpa3	-0.875037	-0.820236	-0.462039	0.00025801900000001	-0.211517	-0.0553532
25733_Best5	0.453418	0.955293	0.110418	0.0423384	0.149535	-0.0710288
25745_DV717319	-0.0221689	-0.00988302	-0.173815	-0.671349	-0.79837	-0.0315134
25771_Mamdc2	-0.0816164	-0.095613	-0.261648	-0.472116	-0.29569	-0.821265
25909_LOC498335	-0.109267	-0.208603	-0.157831	-0.751064	-0.668275	-0.153721
26032_Pde4d	0.0725475	0.364761	0.033724	0.617401	0.779416	-0.202058
26054_RGD1559589_predicted	-0.301374	-0.204001	0.0514833	0.745499	0.363449	0.293817
26055_Klc3	-0.0269875	-0.0253645	-0.129588	-0.722875	-0.768976	-0.179249
26115_Alox5	0.782538	0.977367	0.290904	-0.321059	-0.668192	0.296313
26117_Timeless	0.222522	-0.152427	-0.160726	-0.736047	-0.382035	0.0230001
26139_LOC310395	0.0258209	0.0123729	-0.00158887	0.775948	-0.157306	-0.19604
26209_Myo1f_predicted	0.752365	0.193596	-0.202248	-0.630355	-0.655011	0.123222
26269_A_44_P797721	-0.423183	-0.167804	-0.36297	0.736569	-0.0692971	-0.130305
26292_Utx_predicted	-0.0691182	0.0917957	0.624836	0.459469	0.82652	0.326203
26294_Adm	0.0667956	0.20737	0.00982131	0.750859	0.581804	-0.101122
26396_TC556752	-0.363815	-0.173589	-0.287491	0.792701	-0.013972	-0.11525
26402_Try10	-0.071961	-0.263361	0.177102	0.70163	0.366356	0.365608
26487_TC552147	0.622926	0.493242	0.832721	0.165719	0.00846074	0.630651
26502_ENSRNOT00000024093	-0.725872	-0.0961113	-0.743219	0.0381999	0.0394711	0.0165017
26512_Krt1-18	-0.450339	-0.873726	-0.0558553	0.392123	0.230024	0.118997
26663_RGD1564431_predicted	0.0908451	0.226136	0.00372528	0.786421	0.384096	-0.288917
26680_AW914885	0.0289444	0.18946	-0.137657	-0.734285	-0.800901	-0.43791
26697_AI179957	-0.925686	-0.142354	0	0.0755663	-0.0995307	0.0704361
26737_Htatip2_predicted	-0.00075236399999993	-0.0185455	0.130822	-0.714399	-0.64767	0.218152
26785_MGC109491	-0.0862511	0.106953	0.240297	0.358553	0.74181	-0.0168978
26898_Sftpc	0.0285392	-0.0931945	-0.366543	0.153509	0.199063	-0.796502
26983_Kcnh1	-0.658008	-0.500247	-0.104659	0.728391	0.654689	-0.106944
27095_Spp1	0.0440568	0.328079	0.534748	0.708498	0.665202	1.20477
27282_Clcnkb	-0.0633549	-0.224922	0.301743	0.416779	1.08743	0.140024
27284_TC550128	0.108585	0.250871	-0.0109817	0.381946	0.826486	0.125177
27331_Msln	-0.539868	-0.80121	0.0286148	-0.116623	0.0379723	0.0892313
27383_A_44_P816824	-0.383563	-0.100796	-0.353815	0.864421	-0.0565681	-0.122059
27441_Lyz	0.950061	0.468243	-0.149072	-0.364302	-0.376077	0.166845
27449_Ecg2	0.119473	-0.088074	-0.363342	-0.557093	-0.775804	-0.258692
27537_A_44_P496643	0.172456	0.243142	-0.224319	-0.724445	-0.822193	0.0127523
27653_Ppp2r2b	-0.717895	-0.750189	-0.266606	-0.52688	-0.200565	-0.168495
27717_Pax6	-0.685267	-0.816431	0.178148	-0.0734503	0.375551	0.17238
27776_Cldn7	-0.838932	-1.07703	-0.386335	-0.457165	-0.717724	-0.259144
27835_Fkbp5	0.248852	0.303403	0.451374	0.61267	0.755343	-0.053241
27879_RT1-Aw2	-0.0283124	-0.815809	-0.129222	-1.07282	-1.10294	-0.284946
28042_MGC116197	0.470597	0.359326	0.702941	0.0850101	0.0146233	0.494182
28085_TC541993	0.0278892	0.330987	0.233825	-0.834657	-0.347273	-0.0770883
28217_Coro1a	0.623702	0.279201	-0.00139192	-0.844258	-0.753951	0.314523
28262_RT1-Aw2	-0.0498976	-0.816663	-0.129765	-1.09396	-1.10141	-0.286136
28289_Slamf9_predicted	0.921846	0.600686	0.0345469	-0.334711	-0.586022	0.16241
28375_Itgb2	0.810261	0.456664	0.296132	-0.205551	-0.0306081	0.512395
28657_TC544613	0.927522	1.26982	1.83161	-0.0527132	0.266436	1.19881
28687_Timp1	0.442757	0.518934	0.0495963	-0.100805	-0.167942	0.802663
28704_Wfikkn1_predicted	-0.10354	0.0373212	-0.00157668	0.535003	0.717053	0.0182439
28713_BF556560	0.0391915	-0.178348	0.076972	-0.77545	-0.269187	0.0223226
28749_AI104571	-0.417216	-0.176161	-0.358723	0.735608	-0.0539003	-0.113855
28791_Bglap2	-0.759413	-0.810453	0.00395028	0.51573	0.286199	0.202184
28805_Prkcb1	0.48597	-0.0836625	-0.309418	-0.595059	-0.722816	-0.0098797599999999
28820_RGD1565709_predicted	-1.06315	-1.3087	0	-0.367721	0	0.00373222
28844_RGD1359349	-0.00608317	0.506968	0.171198	0.822538	0.899965	-0.00983829
28861_Doc2b	-0.417672	-0.172816	-0.36482	0.811045	-0.0516659	-0.125245
28954_Timp1	0.444193	0.515178	0.0469182	-0.107725	-0.164637	0.804015
29089_LOC683720	-0.388859	-0.502049	-0.102579	-0.819552	-0.85391	-0.165607
29119_Pcdh21	0.00258545	0.161353	0.448756	-0.448644	-0.506356	0.987593
29243_AW914146	0.0697018	0.37693	-0.134377	0.465293	0.719298	-0.262709
29388_Egfl3	-0.703408	-0.806269	-0.0839071	-0.496814	-0.353767	0.0211644
29485_RGD1306603_predicted	-0.82906	-0.542347	0.433953	-0.596178	-0.112821	0.245585
29553_LOC683313	-0.135401	-0.132747	-0.194183	-0.31551	-0.561854	0.848146
29596_TC522030	0.391064	0.566073	0.78035	0.75311	0.860978	0.520728
29646_Glul	-0.00184157	-0.0386968	0.122209	0.687908	0.731394	-0.229702
29654_Mgl1	0.888208	0.277052	-0.216508	0.228031	-0.0865962	-0.213371
29818_Otx2	-0.737935	-1.04984	0.453893	0.233571	0.390812	0.0692448
29864_RT1-Aw2	-0.0483174	-0.832781	-0.126933	-1.08696	-1.1108	-0.282447
29909_TC557460	-0.333117	-0.182934	-0.245226	0.805955	0.0435086	-0.0714979
29925_Ccnd1	0.314204	0.319033	0.34583	-0.754585	-0.758189	0.309509
29940_RGD1564535_predicted	-0.114156	-0.207594	0.0313922	0.727066	0.349986	0.207693
29942_Agr2_predicted	-0.942155	-1.30475	0	-0.0874701	-0.37638	0.0626035
30007_Ahctf1_predicted	-0.303903	-0.091182	-0.288268	0.7847	-0.0854283	-0.181743
30076_Serpinb11_predicted	0.0482495	0.0376106	0.0437651	-0.699513	-0.805371	0.202417
30102_DV723169	0.0633316	0.159032	-0.0252969	-0.878769	-1.01113	-0.28437
30147_Gal	-0.142419	-0.112833	0.138026	0.700025	0.600552	0.0209916
30222_TC519012	-0.075274	0.00597522	-0.128028	-0.770369	-0.532551	-0.109882
30286_Cblb	0.0225926	-0.0219076	0.250314	0.47148	0.730673	-0.0552193
30379_A_44_P290693	0.0524645	-0.270102	0.0486422	0.705241	0.269249	0.132783
30380_Cyp51	0.0972641	0.0962701	-0.0876818	-0.749172	-0.671425	-0.124751
30454_TC558135	-0.29287	-0.325474	-0.358122	-0.688675	-0.790562	-0.0878565
30481_Cdkn1c	0.572241	0.803711	0.24902	0.0408657	-0.0146821	0.17754
30579_XM_344807	-0.375877	-0.196758	-0.433366	0.814974	-0.171158	-0.278182
30592_Card9	0.137299	0.124254	-0.187646	-0.683054	-0.765033	-0.0686847
30599_BI290295	0.0521318	0.254418	0.223268	0.758859	1.29435	-0.0987556
30641_RGD1565091_predicted	-0.402994	-0.188134	-0.34379	0.710185	-0.0180587	-0.0927488
30642_LOC691431	0.0827129	0.258286	0.193387	0.751185	0.936206	-0.140879
30765_Olr233_predicted	-0.117352	-0.335561	0.1663	0.759078	0.302471	0.307239
30771_Olr297_predicted	-0.399442	-0.173742	-0.318393	0.757959	-0.0246018	-0.0850842
30796_D90049	-0.364185	-0.166058	-0.313223	0.747851	-0.0148855	-0.080931
30865_Wasl	-0.0128704	0.182903	-0.013783	0.146105	0.75964	-0.146823
30907_NM_139328	-0.26448	0.0681616	0.167478	0.356482	0.699301	-0.0499408
31189_Znf575_predicted	-0.159776	-0.191355	-0.157854	0.715135	0.00308599	-0.0650718
31245_Tinf2	-0.355223	-0.165375	-0.39861	0.814233	-0.166354	-0.243726
31354_RGD1310827	-0.395931	-0.409044	-0.185784	-0.701133	-0.499647	-0.143891
31471_BC087158	-0.251038	-0.323614	0.0914129	0.722059	0.223763	0.111203
31546_Dhcr24	-0.0249795	0.0966071	-0.0742951	-0.747298	-0.606038	-0.095184
31633_AA925274	-0.40015	-0.159198	-0.345276	0.784466	-0.0743668	-0.118047
31760_LOC500015	0.368581	0.451216	0.0796756	-0.812548	-0.529575	0.171697
31769_Hspa4l_predicted	-0.018738	0.11766	-0.165444	-0.537469	-0.845639	-0.176021
31793_Cyp2t1	-0.301408	-0.189144	-0.26904	0.715955	-0.0718121	-0.0754207
31833_Olr229_predicted	-0.140332	-0.165164	-0.00468981	0.702143	0.295267	0.161807
31838_Has1	0.111885	0.534879	0.145033	0.0441519	-0.59518	-0.844056
31877_Ns5atp9	-0.0305568	-0.718941	-0.390509	-0.69384	-0.917623	-0.0837495
31928_A_44_P349375	-0.416523	-0.170334	-0.321301	0.777222	-0.0247841	-0.0959953
32107_AW918768	0.900188	0.998829	0.0235554	-0.0349673	-0.210658	0.706961
32135_Rgs5	-0.185595	-0.0078533	-0.178557	-0.429623	-0.745632	0.0384403
32265_TC530682	0.0505962	0.0802168	-0.0451482	-0.593483	-0.711136	-0.124337
32276_Scn3b	-0.0349989	0.369622	0.272929	0.892178	0.414726	0.666422
32289_Prkcb1	0.44813	-0.0471521	-0.313304	-0.554051	-0.74614	-0.00487375
32346_Ect2_predicted	-0.290824	-1.07373	-0.542262	-1.25841	-1.12033	-0.265596
32382_A_44_P781967	-0.153325	-0.115461	-0.397654	-0.562812	-0.736458	0.221355
32412_AI059874	-0.389105	-0.19416	-0.356351	0.902224	-0.0808204	-0.172638
32426_A_44_P295008	-0.410962	-0.172312	-0.279756	0.716643	-0.0512122	-0.111588
32541_Fcnb	0.57198	0.741985	-0.110209	-0.544903	-0.565453	-0.297499
32577_TC540523	-0.415588	-0.16176	-0.312737	0.832683	-0.0266477	-0.0938034
32591_Adm	0.0644979	0.215826	0.0199874	0.749345	0.585238	-0.0952742
32593_Adm	0.0711247	0.215421	0.0231692	0.748358	0.585852	-0.0888321
32643_RGD1305061	0.0994598	0.082788	-0.068548	-0.655741	-1.03346	-0.416179
32686_BF564888	0.274784	0.364472	0.848667	0.916791	1.25476	0.71116
32688_Pnpla2_predicted	-0.373107	-0.202641	-0.222288	0.77982	0.0418783	-0.111233
32765_LOC688778	-0.0054828300000001	-0.177285	-0.0278705	-0.755524	-0.732653	0.123433
32779_AI230395	-0.410364	-0.183303	-0.388139	0.890228	-0.0967392	-0.197576
32849_LOC681900	-0.171784	-0.055523	-0.0398484	-0.72072	-0.338898	-0.0678372
32893_LOC259245	-0.79369	-0.635918	0.0923629	-0.31222	-0.179532	-0.110614
32946_Cyp2e1	-0.388122	-0.588441	-0.064346	-0.483507	-0.19281	-1.0444
33002_TC552876	-1.14457	-1.0248	-0.155708	0.181933	0.00239746	-0.614614
33014_Gap43	-0.262607	-0.535858	-0.111929	-0.351384	-0.771221	0.0150511
33059_LOC678810	-0.461848	-0.30138	-0.223683	-0.566412	-0.825382	-0.398266
33094_AJ003232	0.667427	-0.202675	-0.104098	-0.434686	-1.10546	-0.316494
33158_Kif23_predicted	-0.330496	-0.296355	-0.2817	0.754019	-0.0079438499999999	-0.0718734
33216_LOC499544	-0.350054	-0.151819	-0.184728	0.767952	0.0697719	-0.0773711
33225_AW914042	-0.270631	-0.0900052	-0.205768	0.757049	-0.0945895	-0.118726
33278_RGD1561232_predicted	-0.542447	-0.876025	-0.00444833	-0.33756	-0.354258	-0.395932
33319_AW533310	-0.421558	-0.181802	-0.311751	0.872056	-0.0388618	-0.106055
33348_Spp1	-0.00285383	0.324371	0.539235	0.718431	0.656272	1.21617
33350_Ccnb1	-0.351343	-0.795578	-0.557644	-0.696762	-0.678629	-0.0466413
33415_TC526413	-0.419022	-0.187821	-0.339495	0.850533	-0.0767795	-0.12909
33485_Klra5	0.850324	0.199758	-0.0284259	-0.122867	-0.227455	0.281543
33613_TC558454	0.16556	-0.312623	-0.152845	-0.715302	-0.625959	0.170054
33619_RGD1560084_predicted	0.475218	0.466269	0.178291	-1.14436	-1.09994	0.0222707
33671_LOC498131	0.115067	0.295777	0.152638	0.326056	0.731706	-0.158918
33686_TC547814	-0.126556	-0.0444968	0.232482	0.611197	0.729823	-0.378439
33744_LOC298116	-0.686164	-0.730127	0.0640971	-0.377994	-0.210898	-0.134677
33752_Stmn1	-0.292566	-0.836907	-0.304819	-0.551763	-0.659669	-0.135986
33820_Stfa2	0.0407979	0.133575	-0.43	-1.33779	-1.62141	0.311001
33893_Cyr61	0.146454	0.0466384	-0.20326	-0.180276	-0.234161	-0.766824
33902_Rnpc1_predicted	-0.408152	-0.202928	-0.4576	0.804232	-0.159005	-0.326946
33908_AA996605	-0.450421	-0.114288	-0.350671	0.761602	-0.0495435	-0.116243
33942_Bub1b	-0.518646	-1.29573	-0.608529	-0.96213	-0.726959	-0.0798935
33966_Hspb3	0.184714	0.139515	-0.165716	-0.469865	-0.76399	-0.0285278
34194_Olr232_predicted	-0.0380833	-0.322845	0.112004	0.775611	0.361147	0.33722
34232_TC549700	0.173185	0.108725	0.388559	-0.0863531	0.749235	0.223784
34241_AW142659	0.0110006	0.0927506	-0.0849287	-0.784001	-0.646499	-0.127247
34270_Slc17a6	-0.288121	-0.412592	0.00791285	0.707813	0.194965	0.0395992
34285_LOC360228	-0.0266214	-0.295246	0.275501	0.446075	0.403542	-0.831226
34306_A_44_P832271	-0.429657	-0.155192	-0.334182	0.857072	-0.0440338	-0.132857
34317_Slc13a3	-0.372245	0.0981909	0.765669	0.232509	-0.120285	0.145908
34334_Prkcb1	0.438674	-0.0571775	-0.323959	-0.55274	-0.769292	-0.00151728
34434_Cdca1	-0.297747	-1.10996	-0.341523	-0.807371	-0.635375	-0.0373499
34472_Adh6a_predicted	0.0830496	0.222179	0.219262	0.214552	0.531468	-0.894124
34517_BF557240	-0.12992	-0.179977	-0.0860171	-0.747026	-0.54816	0.0458152
34530_Calcb	-0.623126	-0.941111	-0.127273	0.449323	0.475658	-0.754497
34544_Alx3	-0.410643	-0.186564	-0.313309	0.854015	-0.165943	-0.0929892
34580_XM_580072	0.0478047	0.330718	0.442986	0.625347	0.916213	0.242386
34771_Fbn2	0.0156968	-0.103646	0.143508	-0.700635	-0.866783	-0.140386
34775_Ccl2	0.731282	0.952599	0.230882	-0.752157	-0.633387	-0.0996997
34787_Gpr153	-0.0862834	-0.235619	0.0643137	-0.613496	-0.724685	-0.24347
34832_Krt1-19	-0.780466	-0.988371	-0.171005	-0.783235	-0.778448	-0.102669
34899_Rhoa	-0.363078	-0.0166297	-0.843027	-0.241812	-0.139849	-0.0731373
34930_BG153336	-0.00848197	-0.07201	0.0364629	-0.10022	0.0695867	0.745027
35006_Myh7	-0.840343	-0.442659	-0.301659	0.096744	0.25754	-0.168679
35011_Has2	0.0997912	-0.00459922	-0.0458304	-0.722877	-1.2433	0.0397056
35059_Ccl20	-0.781826	-1.36756	-0.0468452	-0.730754	-0.392391	-0.632114
35061_Ggt1	-0.633542	-0.837668	0.141854	0.172817	0.736635	0.00541174
35074_Prkcb1	0.456681	-0.0653522	-0.323294	-0.547868	-0.716289	-0.0081307
35106_RGD1309926_predicted	-0.311134	-0.154839	-0.22059	0.720499	0.00823726	-0.0286888
35160_TC551538	0.0419594	-0.13114	0.22786	0.4259	0.698977	0.102412
35161_TC527939	0.0348817	0.0538562	0.00584875	-0.73706	-0.544346	-0.238235
35236_RGD1309038	-0.381407	-0.194914	-0.278878	0.827119	-0.00490615	-0.0965976
35266_Nt5e	-0.487537	-0.739024	-0.0424043	0.00439277	0.0612257	-0.11911
35295_AA819652	-0.378349	-0.182015	-0.296198	0.862966	-0.039755	-0.0939923
35304_Ms4a11_predicted	0.744831	0.969071	-0.0294469	-0.0482032	-0.386655	0.274991
35391_Ptprb_predicted	-0.0300469	0.129679	0.30827	0.639193	0.702214	0.118678
35657_Arrdc3	0.0139368	-0.00790046	0.18828	0.471422	0.719021	0.0634606
35835_Dapk1_predicted	0.120572	0.141286	0.298853	0.452646	0.774211	-0.0981317
35861_XM_214203	-0.207025	-0.229888	-0.02682	-0.701425	-0.673529	0.0616973
35972_RGD1309350_predicted	0.0222951	-0.0251196	0.00396312	-0.629407	-0.704946	-0.0226915
36011_Pip	-0.917475	-1.07824	0	0.376105	0	-0.292253
36087_RGD1566137_predicted	-0.272108	-0.313031	0.0791807	0.71945	0.813945	-0.127335
36111_Ccl7	0.209627	0.457077	0.306176	-0.570777	-0.922306	0.300056
36137_Dnah7	-0.145595	-0.382269	0.112316	0.724737	0.247397	0.160545
36143_LOC310926	0.707812	0.506905	0.0186191	-0.401405	-0.540754	-0.0855645
36307_Tcea2	-0.342529	-0.176234	-0.323331	0.829658	-0.112632	-0.151657
36324_Spp1	0.0139903	0.320291	0.552912	0.715898	0.664086	1.20648
36406_LOC686820	-0.860405	-0.899964	-0.0834574	0.243741	0.152324	0.0431073
36562_Prkcb1	0.459447	-0.0663557	-0.32287	-0.555263	-0.766499	0.00042451200000003
36802_TC557848	-0.0598279	0.119858	0.0687231	0.564907	0.786967	-0.163066
36833_LOC301334	-0.341032	-0.166668	-0.278099	0.819197	-0.0586403	-0.123626
36866_RGD1563547_predicted	-0.689612	-0.908543	0.142882	-0.295838	-0.182775	-0.251022
36879_Clec4a1	0.801782	0.500689	-0.07346	-0.182441	-0.142278	0.423529
36926_Gjb2	0.0694935	0.101733	-0.516114	-1.43945	-1.70105	0.152318
36959_Olr312_predicted	-0.431666	-0.168664	-0.335923	0.856463	-0.0477121	-0.0957081
37091_Txnip	0.0144216	-0.115028	0.164953	0.460186	0.737461	-0.0471512
37153_Glul	-0.0156345	0.0545212	0.189717	0.732506	0.792534	-0.183153
37186_AABR03028253	-0.458384	-0.156214	-0.326761	0.812894	-0.0475935	-0.125659
37191_Ccnd1	0.612409	0.613155	0.448632	-0.885345	-0.83461	0.403428
37210_G1p2_predicted	0.706256	0.949494	0.556976	0.0200971	-0.0563148	0.561845
37217_TC529691	-0.52787	-0.917528	0.0742759	0.854368	0.745285	0.349344
37339_Ehd1	-0.341946	-0.178873	-0.297582	0.844915	-0.0605705	-0.138686
37341_CK469557	-0.40939	-0.1972	-0.383674	0.866562	-0.125238	-0.215915
37399_Ccl2	0.754396	0.976177	0.225243	-0.781116	-0.622626	-0.121709
37418_Ccl7	0.223498	0.505935	0.335465	-0.587576	-1.02627	0.354366
37609_TC525601	-0.0381249	0.0756133	0.0368035	-0.541292	-0.736558	-0.0148271
37690_LOC681869	0.299864	0.140032	-0.153227	-0.807064	-0.49729	-0.217819
37710_LOC689230	-0.134073	0.14498	-0.319801	-1.43972	-1.66583	0.603874
37771_BF547220	-0.430704	-0.167365	-0.331441	0.887569	-0.0604692	-0.129389
37882_Spbc25	-0.265973	-0.930875	-0.36155	-0.711211	-0.842603	-0.0764075
37891_RGD1306927_predicted	0.0307211	-0.133367	-0.425094	-1.07754	-1.10457	-0.101064
37942_Tnfrsf11b	0.360304	0.175245	-0.242405	-1.17381	-1.0713	-0.797842
37952_Pde4d	-0.143538	0.174896	-0.137679	0.867402	0.913846	-0.274432
38035_Gbp2	0.478539	0.831391	0.245315	-0.136914	-0.278401	0.343743
38111_Tead2_mapped	-0.189124	-0.194941	-0.254473	-0.762233	-0.504207	-0.1193
38144_C5r1	0.888612	0.522902	0.13311	-0.155419	-0.145845	0.332219
38238_BI395793	0.100468	-0.0214083	0.649963	0.846741	0.983859	0.532788
38319_Anxa5	-0.0028725499999999	-0.0984872	-0.11358	-0.625756	-0.709729	-0.241174
38345_RGD1559932_predicted	-0.381317	-0.179244	-0.320399	0.70298	0.00720506	-0.0815557
38372_Golt1b_predicted	0.217889	0.188956	0.0301922	-0.726354	-0.475376	-0.0898264
38383_AI011505	0.152086	0.264778	0.324948	0.539539	0.839276	-0.0192955
38421_ENSRNOT00000035902	-0.332082	-0.16723	-0.336236	0.700289	0.0169769	-0.0885314
38435_Ccl11	-0.360968	-0.29073	-0.338285	0.875946	-0.0844928	-0.176769
38461_Ccl2	0.749526	0.9773	0.221569	-0.79142	-0.64358	-0.106511
38522_S100a9	-0.252325	0.306616	-0.0249594	-0.410522	-0.721458	1.08691
38548_Timp1	0.434248	0.520339	0.0384028	-0.11691	-0.165074	0.821838
38580_Krt2-5	0.0684183	0.0284185	-0.0573924	-0.67944	-0.705598	0.0662092
38603_Krt1-4	-0.482161	-0.786013	0.269292	0.0232887	0.15828	0.0440324
38634_Add1	-0.413945	-0.198086	-0.373109	0.84878	-0.0921766	-0.171606
38654_Purg_predicted	-0.414529	-0.192739	-0.330705	0.826765	-0.0569472	-0.137295
38682_TC525352	-0.105318	-0.0543113	0.0741276	0.977498	0.909584	0.175599
38751_Gal	-0.123037	-0.111539	0.157553	0.704509	0.609377	0.0134538
38772_TC527065	0.796882	0.335208	0.231209	-0.421518	-0.157666	0.501547
38797_LOC689755	0.0552767	-0.0675813	-0.134675	-0.580458	-0.72091	0.0634256
38813_Olr559_predicted	-0.314887	-0.301512	0.0484734	0.717043	0.396651	0.263092
38818_A_44_P473603	0.0812524	0.0964674	-0.0919351	-0.702723	-0.620854	-0.117964
38851_Wfdc2	-0.816788	-0.790935	0.0892947	-0.124559	-0.105859	0.0354155
38880_Top2a	-0.221021	-0.848371	-0.371125	-0.759546	-0.746112	-0.0271582
38945_A_44_P582605	-0.196999	-0.709562	-0.41459	-0.665559	-0.508943	-0.0575038
38973_RGD1566252_predicted	-0.502348	-1.32299	-0.580029	-0.749259	-0.654618	-0.15355
39021_Gap43	-0.262631	-0.509888	-0.105607	-0.341433	-0.801283	0.0301796
39026_Nkx3-1	-0.360712	-0.175331	-0.336148	0.758275	-0.0421573	-0.105776
39083_Kb39	-0.0952925	0.0117705	0.0630154	0.00196967	0.0296369	-0.824466
39135_Cyp2e1	-0.407735	-0.77696	-0.0686392	-0.559119	-0.189307	-0.999105
39147_TC525855	-0.944879	-0.888531	0.308734	0.676428	0.643763	0.0444461
39208_AA900845	-0.247228	-0.0435031	-0.171605	0.701531	0.0148647	-0.130997
39270_TC540296	-0.233386	-0.0608122	0.0768876	0.535122	0.813123	0.0733267
39352_Cd3g	0.188481	-0.194431	-0.376144	-0.297953	-0.836483	-0.48227
39371_Rkhd1_predicted	-0.410779	-0.274997	-0.332277	-0.82205	-0.502815	-0.245284
39373_A_44_P295610	-0.422205	-0.162655	-0.34692	0.776091	-0.0514788	-0.115963
39378_XM_217175	0.0131221	-0.87272	-0.457874	-0.955084	-0.991028	-0.0649662
39393_TC549896	0.40577	0.513773	0.154107	-0.882279	-0.766892	0.1709
39394_DV718661	0.0475951	0.144158	-0.0613133	-0.803973	-0.780287	-0.0733709
39436_AI113042	-0.374993	-0.173736	-0.34037	0.738202	-0.0428593	-0.123613
39455_Cldn9	-0.226293	-0.0918033	0.268391	0.81731	0.494651	0.0444064
39541_Ltb	0.128579	-0.127792	-0.277774	-0.429849	-0.711661	-0.232938
39586_Wisp1	0.607311	0.585784	0.201972	-0.710221	-0.873812	-0.100043
39667_Cxcl2	-0.450474	-0.57934	0.32053	1.17895	0.634598	0.132571
39686_RGD1308747_predicted	-0.701547	-0.940812	-0.165548	-0.753155	-0.337138	-0.136015
39746_LOC683313	0.299056	0.262656	-0.167002	-0.680299	-0.765478	1.06381
39793_Fgfbp1	-0.0153957	-0.116193	-0.345635	-1.07272	-0.933858	-0.294193
39874_Gip	0.886081	1.21894	0.804488	0.302725	0.305022	0.79771
39895_AA956471	-0.475326	-0.143892	-0.394528	0.748797	-0.0889513	-0.152233
39902_TC550656	-0.145674	0.181627	-0.159427	-1.24452	-0.786022	-0.0396844
40112_LOC364427	-0.459447	-0.143089	-0.276838	0.717848	0.0281082	-0.0747829
40209_Nr4a1	-0.126381	0.246707	-0.384635	0.050576	-0.325903	-0.788575
40277_Lmna	-0.0374389	-0.00226279	-0.00149912	-0.704766	-0.632219	-0.10047
40298_Rnase11	-0.420458	-0.212575	-0.354725	0.822991	-0.0516424	-0.146544
40329_Gal	-0.0977851	-0.0908565	0.110787	0.703231	0.591393	0.0390882
40393_Abcb1	0.637028	1.0026	1.05295	0.5255	0.884746	0.759944
40528_Olr183_predicted	-0.365131	-0.164837	-0.249537	0.811035	-0.00111541	-0.0364489
40531_BI294198	-0.305385	-0.138192	-0.236783	0.80431	-0.102402	-0.138118
40555_Lcn2	-0.689183	-1.01931	-0.0551355	0.150366	0.45207	0.263613
40571_RGD1561817_predicted	0.0964877	0.220706	-0.0570629	-0.58415	-0.699125	-0.0286394
40588_TC542673	-0.109392	0.00848281	0.465076	0.610853	1.05378	-0.130869
40656_Tarbp2	0.105251	0.0701459	-0.04199	-0.727989	-0.64693	0.0447182
40691_LOC361098	-0.379866	-0.175648	-0.394185	0.840065	-0.181569	-0.252595
40695_Nrn1	-0.615484	-0.0681922	-0.441482	-0.823598	-0.743565	-0.235386
40729_Ccna2	-0.287417	-1.12017	-0.597397	-1.03864	-1.03962	-0.100358
40768_Fgl2	-0.246206	0.0232	0.0895061	0.712854	0.48003	-0.127993
40787_Dctn5	-0.233963	-0.104421	-0.200905	0.701751	-0.0528588	-0.0936512
40816_Cyp2e1	-0.403731	-0.764064	-0.0538405	-0.510834	-0.199956	-0.973331
40825_RT1-Aw2	-0.054663	-0.792446	-0.132698	-1.06226	-1.09365	-0.282558
40892_Fgg	-0.124743	0.284926	0.14514	-0.0487165	-0.228168	0.786595
40918_Hsd3b1	0.040122	0.204141	-0.120975	-0.627574	-0.739752	-0.298356
40967_Mib1_predicted	-4.3155799999994E-5	-0.0372703	0.00205051	0.356092	0.804644	-0.00141805
41090_XM_344723	-0.384501	-0.208757	-0.382164	0.869412	-0.0789683	-0.210798
41180_TC523275	-0.300832	-0.229888	0.0305723	0.593489	0.910439	-0.220022
41262_RT1-Aw2	-0.0533107	-0.81582	-0.127731	-1.04954	-1.11833	-0.290711
41350_Ap3m1	-0.105557	-0.0810367	-0.0680614	-0.735897	-0.849143	0.0391853
41388_TC566921	-0.064728	-0.079891	0.175389	0.808764	1.13093	-0.0293754
41397_RGD1566127_predicted	-0.114353	-0.248929	-0.331651	-0.846054	-0.864994	0.017902
41495_CB327764	0.134632	0.518543	1.02103	1.14135	1.21524	0.366514
41578_Bnip3	-0.132123	-0.0775627	-0.0591195	0.675075	0.77116	-0.231765
41615_TC547190	-0.156418	-0.161658	-0.528571	-0.75981	-1.03001	-1.12923
41628_Tsc22d3	0.0417723	0.210172	0.21761	0.701947	0.886215	-0.0659921
41651_Racgap1_predicted	-0.417566	-1.13157	-0.52655	-0.784598	-0.80922	-0.2256
41707_Dynll1	-0.103281	-0.0895304	-0.0255345	-0.688452	-0.787186	-0.0726615
41769_Gap43	-0.262964	-0.521682	-0.114092	-0.394614	-0.81439	0.039437
41974_TC558266	-0.391891	-0.197941	-0.422042	0.83288	-0.190254	-0.284562
42022_RGD1565014_predicted	-0.44081	-0.168404	-0.318872	0.756801	-0.0401835	-0.114822
42045_TC523517	0.342703	0.70719	0.105983	0.175311	0.0505488	0.299423
42073_Ivl	0.137039	-0.144208	-0.254405	-0.787758	-0.801786	-0.379898
42095_Spp1	-0.00184314	0.332124	0.541291	0.716784	0.659513	1.20382
42116_Gap43	-0.245895	-0.533558	-0.110672	-0.341782	-0.838456	0.0397306
42139_DV717996	-0.0848173	-0.178348	-0.284577	-0.770406	-0.811056	-0.293124
42214_Ccr5	0.71911	0.672721	-0.149832	-0.32748	-0.775315	0.292678
42353_BF542741	0.73717	0.588671	0.00660255	-0.15609	-0.126495	0.131023
42367_Serpinb3	0.117229	0.25056	-0.387637	-0.836503	-1.2552	0.00329093
42412_A_44_P530108	-0.063685	-0.19763	0.180941	0.732534	0.446062	0.340826
42428_Gap43	-0.258481	-0.510768	-0.0954541	-0.351365	-0.80353	0.0376782
42455_Mx2	0.731951	1.15009	0.176297	-0.193393	-0.927483	0.735791
42457_BF287585	-0.580438	-1.0244	-0.239649	0.0144823	-0.213943	-0.244889
42492_RGD1565197_predicted	-0.220676	-0.319527	0.0257431	0.706223	0.230413	0.0528676
42494_Gjb6	0.0216487	0.0498719	-0.401708	-1.11251	-1.31348	0.240459
42544_AW144408	-0.229083	-0.0930743	-0.101837	-0.400778	-0.758082	-0.021681
42574_XM_232928	-0.437457	-0.177402	-0.347286	0.83311	-0.0585485	-0.138939
42590_Ptprv	0.356755	0.508932	0.881165	-0.237003	-0.0303996	0.71278
42652_Rhoa	-0.366674	-0.0112839	-0.843498	-0.244587	-0.145586	-0.0773036
42682_LOC501925	-0.148801	-0.0120255	0.168706	0.708917	-0.0101229	0.0449859
42706_Tesk2	-0.385717	-0.190068	-0.375019	0.731943	-0.0753847	-0.149305
42708_Dmbt1	-0.847547	-0.941062	0.0664621	-0.0272352	-0.0584628	-0.148783
42875_Ophn1_predicted	-0.0973868	-0.0400727	0.115076	-0.984554	-0.599046	0.105425
42920_Kcnj8	-0.151622	-0.129004	0.0535408	0.795198	0.550244	-0.038444
42929_Ephx1	0.271434	0.394546	0.661439	0.599532	0.746674	0.429086
42942_Mcam	-0.351175	-0.145292	-0.218479	0.729528	-0.0508639	-0.0774361
42971_TC539107	-0.40264	-0.19471	-0.428864	0.856585	-0.171204	-0.262455
42980_XM_231034	-0.625466	-1.05396	0.311635	0.812718	0.951846	-0.366565
43007_Cdc2a	-0.20093	-1.01976	-0.437153	-0.665232	-0.588872	-0.0511205
43022_Ccl2	0.706727	0.964338	0.227346	-0.789187	-0.651225	-0.108777
43035_Rhoa	-0.356285	-0.0134844	-0.851271	-0.23829	-0.159608	-0.0888463
43037_Ppil3	0.0325044	-0.03384	-0.0105111	-0.554867	-0.702495	0.085756
43235_Cyp2c	-0.180419	-0.303186	-0.494889	-0.770451	-0.88172	-0.269207
43293_Myh6	-0.78422	-0.434397	-0.308744	0.0690424	0.243586	-0.168169
43357_BQ201365	-0.396713	-0.195744	-0.348785	0.860547	-0.0798885	-0.150676
43363_Tex10_predicted	-0.209346	-0.2826	0.0129735	0.76499	0.386886	0.277672
43390_AW142560	-0.785688	-0.808624	0.64268	0.188467	0.534344	0.321985
43403_Creld2	0.0810112	0.0929828	0.0188282	-0.715245	-0.685479	0.213772
43479_Pnoc	-0.817937	-0.0453111	0.480046	-0.679816	-0.392261	0.644131
43513_AW915613	-0.399253	-0.180095	-0.356742	0.762137	-0.036294	-0.1237
43551_Gap43	-0.261324	-0.486578	-0.0909518	-0.357588	-0.792271	0.0224857
43569_A_44_P316619	-0.114752	-0.24305	0.00222406	0.718642	0.189964	0.0864987
43756_LOC362682	-0.38682	-0.191837	-0.437011	0.796747	-0.17982	-0.265022
43793_Rhoa	-0.363483	-0.00790311	-0.851817	-0.242958	-0.160977	-0.0834787
43795_AI502035	-0.283993	-0.118848	0.0709451	0.691601	0.818095	-0.281112
43835_LOC498339	-0.415947	-0.178564	-0.397778	0.717591	-0.0692916	-0.127959
43887_XM_228010	-0.347643	-0.159454	-0.269547	0.798111	-0.0462143	-0.116965
44049_TC545836	0.665405	0.58749	0.103124	-0.788523	-0.849839	-0.0866072
44080_Gpr110_predicted	-0.71416	-1.22606	0	-0.0660497	0.424869	0.0301427
44123_Cttnbp2	-0.281986	-0.101363	0.0482724	0.136387	0.709873	0.048535
44292_AW917747	-0.302413	-0.215657	-0.339432	-0.653236	-0.804401	-0.324071
44378_Rp2h_predicted	-0.0102184	0.0787553	-0.209145	0.702008	0.823112	0.0574003
44439_Olr1395_predicted	-0.395777	-0.158609	-0.343777	0.799832	-0.0381035	-0.104468
44491_Prkcb1	0.454214	-0.0548895	-0.319654	-0.5511	-0.755351	-0.0066541
44585_TC524010	-0.432041	-0.195403	-0.363095	0.778622	-0.0720713	-0.14451
44687_Ms4a7_predicted	0.774067	0.508597	-0.46637	-0.66983	-1.21014	0.0545348
44739_Aif1	0.658353	0.45708	-0.116961	-0.462265	-0.849841	0.392444
44817_Slc6a8	0.180132	-0.0382614	-0.0110827	-0.708916	-0.579548	-0.0312034
44818_AABR03065240	-0.293205	-0.184466	-0.344914	0.849363	-0.0748478	-0.134922
44823_TC558135	-0.226884	-0.289077	-0.296001	-0.628982	-0.741794	-0.0152831
44843_RGD1311379_predicted	-0.552828	-0.295069	-0.181692	-0.740176	-0.650181	-0.244336
44902_Gap43	-0.258806	-0.497061	-0.105275	-0.358938	-0.838453	0.0162139
44923_XM_341697	-0.264279	-0.159025	-0.207433	0.702302	-0.0463846	-0.0847486
44934_AW916604	-0.219055	-0.118316	-0.0941085	-0.883381	-0.459943	-0.0555195
44996_AA818690	-0.357152	-0.173221	-0.351256	0.71302	-0.0421583	-0.108019
45175_Ache	-0.0834631	0.0429173	-0.206807	-0.75894	-0.766667	-0.0706866
45177_Ms4a7_predicted	0.621433	0.459074	-0.342729	-0.609416	-0.862215	0.0986633
