	"TE A1 Corn Oil 10 ml/kg 48hrs"	"TE A3 Corn Oil 10ml/kg 48hrs"	"TE E1 Aroclor 1260 200mg/kg"	"TE E3 Aroclor 1260 200mg/kg"	"TE C2 Wy-14643 50mg/kg 48hrs"	"TE C1 Wy-14643 50mg/kg 48hrs"	"TE C3 Wy-14643 50mg/kg 48hrs"	"TE B1 TCDD 10ug/kg 48hrs"	"TE B2 TCDD 10ug/kg 48hrs"	"TE D1 PBDE 2mg/kg 48hrs"	"TE D3 PBDE 2mg/kg 48hrs"	"TE A2 Corn Oil 10 ml/kg 48hrs    "	"TE B3 TCDD 10ug/kg 48hrs"	"TE E2 Aroclor 1260 200mg/kg 48hrs"	"TE D2 PBDE 2mg/kg 48hrs "
16_Hvcn1	0.108642	0.137066	0.234539	-0.193874	0.0793866	-0.0206084	0.116165	-0.00242389	0.144108	-0.00732133	-0.00886826	-0.161264	-0.0810557	0.0375745	-1.18812
22_Ptdss2	-0.063206	0.0246342	0.00346952	0.0509717	-0.155169	-0.0600178	0.235135	-0.0307773	-0.0784407	-0.277078	-0.0741536	-0.148346	0.0668449	-0.0882825	-1.05839
127_2810403D21Rik	-0.0877748	0.247713	0.664469	0.225928	0.216037	-0.0161377	0.86305	0.342311	0.382629	0.274617	0.256731	0.317462	0.027828	0.159267	0.202031
181_Megf11	-0.131031	-0.17355	-0.0951661	0.106436	-0.124257	-0.156047	-0.0844448	-0.246232	-0.0966403	-0.14992	-0.0307758	-0.43425	-0.127214	0.0702771	-0.996176
183_Srp9	-0.49354	-0.122964	0.199022	0.120898	0.194799	0.0263015	-0.041599	-0.0709893	0.0448355	-0.246619	-0.233684	-0.276529	0.0750263	-0.0219439	-1.20324
220_Cyp2b9	-1.18243	-1.15863	-0.377249	-0.57587	-1.22578	-0.113222	-0.861841	-1.52733	-0.688004	-1.5665	-0.399831	-1.08881	-0.234284	-0.0614767	-1.57378
265_Dscaml1	-0.115846	-0.357285	-0.355112	0.0654527	-0.309579	-0.21432	-0.339797	-0.298444	-0.314994	-0.273613	-0.0893402	-0.229953	-0.0612116	0.0338414	-0.93674
267_Lepre1	0.0727846	0.0391457	0.0492437	-0.0328613	0.00153546	0.0106927	0.0307111	-0.0373004	0.118464	-0.203222	0.00028398100000001	0.081533	0.0513877	-0.130077	-1.10698
273_7030407O06Rik	-0.643737	-0.487485	-0.284497	-0.24389	-0.154889	-0.212493	-0.510595	-0.414273	-0.255963	-0.270029	-0.434382	-0.529042	-0.114737	-0.185193	-0.826483
274_Esr1	-0.33411	-0.545025	0.116951	-0.227967	-0.29505	0.04454	-0.215037	-0.0736329	0.0879985	-0.0598162	-0.30865	-0.227945	0.100141	-0.376419	-0.895451
279_Cd207	-0.78944	-0.648409	-0.500239	-0.401356	-0.73021	-0.220631	-0.432896	-0.581797	-0.471414	-0.568907	-0.461986	-0.449161	-0.272582	-0.199033	-0.859499
282_Syn1	-0.300579	-0.450097	-0.408556	0.00217713	-0.478037	-0.458107	-0.372392	-0.511552	-0.438895	-1.00423	-0.165806	-0.211839	0.0190465	-0.22957	-0.299642
355_Ptchd1	-0.264067	0	0.706344	-0.260194	0.276153	0.0211506	0.10251	0.205902	0.552934	0.0757145	-0.0350587	0.0632057	0.0290426	-0.0693288	-0.981995
357_Ntrk2	-1.00181	-0.448277	0.0883459	-0.155424	-0.43274	0.0251918	0.165678	-0.750145	0.109649	-0.0767829	0.132161	-0.511745	-0.0379259	-0.470543	-1.0273
359_A_51_P345577	0.11498	0.108609	0.0983233	-0.0103629	0.153592	-0.0887566	0.0204829	0.103279	0.0852843	-0.0247109	-0.0131789	-0.12609	-0.0965502	0.0469281	-0.927354
434_Tmem191c	-0.333258	-0.136956	0.0950079	0.025863	-0.0379914	-0.0524217	-0.0552707	-0.0728602	-0.00010210500000003	0.122971	-0.0633032	-0.130577	-0.128184	0.111475	-0.940314
435_A_52_P764477	-0.180605	-0.118501	0.0732971	-0.323302	0.106843	-0.0204786	-0.00012975000000006	0.104714	-0.0570775	-0.0612903	-0.0926539	-0.132966	-0.029754	-0.219024	-1.30756
436_Ogg1	-0.136549	-0.179729	0.077854	0.0424807	0.026277	0.104187	0.12835	-0.0942937	0.105431	0.0106135	0.0168857	0.0246945	0.0308601	0.108908	-0.796342
438_Ihh	0.336782	0.518138	0.643933	0.179132	0.427793	0.0252321	0.455763	0.18375	0.504604	0.0843945	0.0303231	0.108239	-0.00844613	-0.0508809	-0.86559
692_Casp12	0.0270887	0.178574	0.643713	-0.156308	0.0694098	0.0562103	0.425491	0.0775141	0.227463	0.136873	-0.21915	0.25836	0.0227354	-0.0586126	-0.813833
821_Rmrp	0.393825	0.351311	0.409881	0.830551	0.466611	0.131542	0.759088	0.29383	0.263389	0.309017	0.288698	0.437896	0.265761	0.561034	0.489929
898_Cyp1a2	0.388024	0.424076	0.197352	0.1322	-0.0544466	0.244755	-0.09524	0.779299	0.720692	-0.127976	0.133832	0.290126	1.01716	0.311356	0.101339
1029_Atxn3	0.317325	0.285498	0.287093	-0.0837655	0.172558	-0.044804	0.247175	0.26909	0.142649	0.24012	0.135842	0.239345	-0.0712928	-0.013862	-0.979882
1200_Sox9	-0.0548072	0.0288408	0.219759	-0.0724828	-0.00214034	0.0681297	0.0518376	0.0331428	0.22054	-0.117616	-0.346268	0.307373	0.0379225	-0.0888084	-0.817374
1597_Arid5b	-0.524411	-0.683206	-0.542065	0.0556923	-0.535225	-0.404302	-0.586057	-0.639699	-0.503725	-1.00165	-0.129197	-0.240136	-0.0452304	-0.145981	-0.272561
1875_Xlr4b	-0.254754	-0.336376	-0.144293	0.296885	-0.830338	0.0424894	-0.432704	-0.0309227	0.46894	-0.762937	8.6811999999981E-5	-0.57728	0.140599	-0.21163	-0.743572
2077_Tfam	-0.244236	-0.401583	-0.411374	0.0609588	-0.375208	-0.416797	-0.388432	-0.448123	-0.381041	-0.798422	-0.120515	-0.156743	0.00152941	-0.146255	-0.231244
2161_A_52_P567281	-0.279034	-0.607936	-0.476536	-0.145999	-0.510147	-0.659693	-0.467246	-0.624811	-0.37448	-1.20965	-0.160263	-0.336391	-0.119427	-0.451076	-0.546735
2263_Cnih2	-0.0810448	0.103479	0.139301	0.0713218	0.143693	-0.0557762	0.213633	0.909133	0.961476	0.132865	0.115513	0.198599	0.5126	0.219363	0.123084
2306_A_52_P1156957	-1.73683	-1.17035	-1.32416	-1.64288	-0.63708	0.0298297	-0.912012	-1.2059	-0.853842	-2.37209	-1.52882	-1.09433	-0.27184	-1.59159	-1.98463
2605_BC048507	-0.409093	-0.684871	-0.453824	0.201946	-0.196255	-0.243232	-0.340659	-0.421623	-0.190821	-0.791387	-0.0501029	-0.170331	0.0967764	-0.0696621	-0.18124
2837_Plin4	-0.806973	-0.523938	-0.424101	-0.232181	-0.288649	-0.0119347	-0.473119	-0.823819	-0.353036	-0.283697	-0.43435	-0.416735	-0.034734	-0.184928	-0.123033
3152_Cox17	-0.219808	-0.479467	-0.347988	-0.00106206	-0.410675	-0.654871	-0.352239	-0.538167	-0.334059	-1.24744	-0.120473	-0.278521	-0.0794213	-0.437096	-0.516987
3326_Vapb	-0.343271	-0.815332	-0.369029	-0.592226	-0.232188	-0.120932	-0.801298	-0.390792	-0.472222	-0.298428	-0.160412	-0.169212	-0.691547	-0.422881	-0.163041
3342_Ahrr	-0.36757	-0.169984	-0.232859	-0.0659183	-0.0862573	-0.137431	-0.0479244	1.1244	0.702862	-0.1322	-0.094695	-0.205054	0.135031	-0.176901	-0.408792
3514_Cyp26b1	-0.941743	-0.760962	-0.909796	-0.777422	-0.572447	-0.0802419	-0.697929	-1.14631	-0.66418	-0.851946	-0.525898	-0.27274	0.0552578	-1.06303	0.0901388
3662_Mogat1	-0.233632	-0.246739	-0.235394	-0.0562182	0.829287	-0.0059099999999999	0.670877	-0.176646	-0.0902905	-0.117556	0.167253	-0.0865209	-0.150806	-0.0658594	-0.198283
3771_Cyp1b1	0.164153	0.380374	0.496132	-0.26749	0.566051	-0.0660038	0.039722	1.25519	1.21427	0.209698	-0.109644	0.0628909	0.421631	-0.221692	0.190731
4277_A930004D18Rik	-0.304113	-0.153153	0.218149	0.109256	0.0219905	0.0451398	0.167824	0.586562	0.828332	0.187298	-0.0166955	0.150957	0.830901	0.344529	-0.0223923
4436_Dirc2	-0.386596	-0.87735	-0.241379	-0.166705	0.0458147	0.0503766	-0.413758	0.0268002	-0.136932	0.200895	0.0295841	-0.129263	-0.327493	0.0242413	-0.0745528
4456_Grin2d	-0.141902	-0.459064	-0.339815	8.2013799999963E-5	-0.418036	-0.0831932	-0.32732	-0.501437	-0.436691	-1.21781	-0.119221	-0.186453	0.16238	-0.295484	-0.352582
6218_Vps13a	-0.264829	-0.60147	-0.405932	-0.082986	-0.522297	-0.318061	-0.384042	-0.600583	-0.519688	-1.42577	-0.171158	-0.234623	0.0349575	-0.387626	-0.484918
7105_Ffar2	-0.262979	-0.679774	-0.812846	-0.00076732000000007	-0.510289	-0.575782	-0.534999	-0.558961	-0.473453	-0.191951	-0.016063	-0.704885	-0.565037	-0.312581	0.147479
7115_Mogat1	-0.506602	-0.0427486	-0.0222133	-0.333086	1.16163	0.298325	0.956012	-0.555335	-0.0219037	-0.210769	0.23108	0.0842093	0.0327359	-0.0921267	-0.608578
7197_Gm11938	-0.386465	-0.604148	-0.499669	-0.0517234	-0.596355	-0.419701	-0.457199	-0.632303	-0.55666	-1.04837	-0.225331	-0.244688	0.0177202	-0.230695	-0.337209
7585_Acot4	-0.53365	-0.382969	-0.28726	-0.478692	-0.540453	0.104666	-0.0599173	-0.338864	-0.149305	-0.800343	-0.400813	-0.276538	0.0759331	-0.358107	-0.616081
7650_A_52_P471947	-0.81201	-0.684919	-0.551282	-0.20236	-0.803334	-0.137674	-0.372019	-0.438648	-0.344724	-0.606696	-0.253569	-0.361457	-0.242517	0.116102	-0.389471
7827_6030422H21Rik	-1.04368	-0.787418	-0.164689	-0.276342	0.00553983	-0.0466379	-0.536407	-0.675048	-0.466681	0.284403	-0.124377	-0.806191	-0.219494	0.397853	-0.152954
8022_A_52_P226559	-0.193896	-0.475371	-0.350565	-0.0281982	-0.469379	-0.120398	-0.338895	-0.541794	-0.466851	-1.23817	-0.153587	-0.186936	0.14066	-0.326865	-0.371516
8055_Xist	-2.74734	-2.79407	-2.08663	-2.81796	-3.07983	-0.51951	-2.28624	-3.07574	-2.29154	-3.0661	-2.51097	-2.01679	-0.99775	-2.78294	-2.75003
8168_A_51_P290904	-0.554781	-0.821174	-0.595621	0.0768355	-0.572082	-0.256495	-0.481418	-0.627119	-0.51751	-0.90564	-0.10276	-0.31356	-0.0865135	-0.0604175	-0.236726
8356_Tmem165	-0.423907	-0.697592	-0.5257	0.116888	-0.489099	-0.228594	-0.396633	-0.487384	-0.422459	-0.99712	-0.0772716	-0.202886	0.0324952	-0.175707	-0.287354
8618_Cpeb2	0.767925	0.846702	0.712634	0.781503	0.606682	0.0241926	0.853137	0.3893	0.483553	0.719287	0.751459	0.969631	0.567277	0.96158	0.479874
8729_Sufu	0.0757986	0.0172581	-0.883377	0.030829	0.0870219	-0.141248	-0.113419	-0.0061886300000001	-0.0625673	0.13284	0.00889253	0.137774	-0.180234	0.133401	0.116456
8900_Arhgap19	-0.0218757	-0.250756	-0.930169	0.126102	-0.230798	-0.12617	-0.221846	-0.520594	-0.202856	-0.386685	0	-0.205545	-0.106134	-0.0890593	-0.154764
9003_A_52_P170685	-0.34929	-0.570608	-0.833358	-0.219527	-0.414144	-0.430111	-0.131793	-0.234058	-0.278261	-0.285835	-0.185465	-0.399912	-0.400777	-0.158182	-0.0304049
9064_Zfp112	0.346408	0.182051	-0.835106	0.19444	0.0394982	-0.0446299	-0.0275717	-0.0369143	-0.133982	0.108493	0	0.10546	-0.0809043	0.537385	0.331301
9067_Rusc1	-0.332107	-0.613951	-0.487387	-0.108391	-0.536558	-0.609139	-0.439339	-0.616808	-0.511866	-1.33037	-0.219399	-0.301976	-0.0362074	-0.389618	-0.508785
9070_Havcr2	0	-0.429278	-0.818574	-0.213149	-0.383494	-0.123538	-0.386709	-0.0616223	-0.266766	-0.0675489	0	-0.221228	-0.0141113	-0.092936	0
9527_Acot3	-1.32494	-0.905357	-0.957106	-1.54806	-0.701153	0.0606179	-0.600599	-1.00217	-0.60846	-1.84666	-1.45122	-0.809563	-0.135752	-1.31077	-1.71716
9879_Cd40	-0.0234026	-0.19284	-0.797489	-0.0781351	-0.138576	-0.0571499	-0.141047	-0.168774	-0.217742	-0.319306	0.120878	-0.1271	0.0338382	0.0616795	0.0521851
9963_A_52_P224723	0.0775506	-0.220202	-0.819731	0.49187	-0.166771	-0.283329	-0.212914	0.00916889	-0.163949	0.411109	0.27314	-0.216514	-0.170956	0.276151	0.129347
10714_Gm7231	-1.17982	-0.887273	-0.643328	-0.547148	-0.475455	-0.0329619	-0.220714	-0.857494	-0.796564	-0.602261	-0.50253	-0.720576	-0.26315	-0.697816	-0.892077
10788_Olfr1143	-0.78899	-0.65131	-0.255104	-0.154569	-0.636595	-0.0424796	-0.193968	-0.668305	-0.33365	-0.668011	-0.385491	0.045831	0.0623523	0.00201852	-0.143407
11114_Ugt1a9	0.145251	0.251341	0.198285	-0.0953156	-0.159862	0.204784	0.392558	0.639797	0.830565	-0.246006	0.0739392	0.294335	0.74459	0.139222	-0.137076
11245_H1fx	-0.387742	-0.690106	-0.537562	-0.0326018	-0.584376	-0.688031	-0.51614	-0.62172	-0.421191	-1.1235	-0.124185	-0.360186	-0.115528	-0.355719	-0.495559
11396_C730007P19Rik	-2.52612	-2.29234	-1.83577	-2.26496	-2.1506	-0.421667	-1.64434	-2.16364	-1.54212	-2.42137	-2.44194	-2.18382	-0.708416	-2.47745	-2.76339
11564_Hsph1	-0.69573	-0.709131	-0.743853	-0.449512	-0.796606	-0.166365	-0.774612	-0.579096	-0.645281	-0.546027	-0.414612	-0.714907	-0.331255	-0.340713	-0.37416
11845_Cyp4a31	-0.23155	-0.0720237	-0.272972	-0.358933	0.231852	0.806265	0.488094	-0.733348	-0.294249	-0.781879	-0.218255	-0.153128	-0.067614	-0.457568	-0.515616
11857_A_52_P328440	-0.242604	-0.521781	-0.859664	-0.300052	-0.517594	-0.292773	-0.255235	-0.167828	-0.275293	-0.454691	-0.259997	-0.48726	-0.422115	-0.236755	-0.278441
12225_1810046K07Rik	-0.120294	0.323741	0.706516	0.162006	0.169198	0.114412	0.842781	0.659614	0.545865	0.546905	0.208399	0.361575	0.489633	0.333818	0.173449
12646_Ptprz1	-0.0988162	0.011971	0.0224543	0.186565	-0.163191	-0.552244	-0.225086	-0.162868	-0.0857416	-0.779889	-0.0907453	-0.218836	0.0072899	-0.288533	-0.299099
13031_A_52_P288338	-0.307974	-0.498958	-0.447262	0.0164775	-0.464553	-0.62254	-0.427504	-0.505973	-0.436946	-0.948668	-0.18044	-0.210012	-0.0586827	-0.199634	-0.313793
13175_Hoxb9	0.86741	0.896297	0.194139	1.10215	0.133083	-0.0859074	1.12038	0.195879	0.296638	0.452995	-0.371207	0.884281	0.712664	1.5753	0.887057
13533_Tgtp	-0.532863	-0.701394	-0.220118	-0.732537	-0.821088	-0.167732	-0.594888	-0.506457	-0.51936	-0.725612	-0.739553	-0.466469	-0.284576	-0.712849	-0.645972
13593_Ston1	-0.486453	-0.0383782	0.0434508	-0.556103	0.620635	0.238883	0.874594	-0.513488	-0.259666	-0.752611	-0.322599	0.227291	0.0721274	-0.403887	-0.447844
13655_Plat	0.066586	-0.0339454	-0.806771	0.0333267	0.00361419	-0.213135	-0.0567124	-0.263706	0.109476	0.140975	-0.100272	-0.00676499	-0.0382344	0.0726095	0.0390474
13683_Mup10	-0.261708	-0.465966	-0.829392	-0.240158	-0.368809	-0.371188	-0.154712	0.0470487	-0.108067	-0.171615	-0.167654	-0.335552	-0.384859	-0.152923	-0.159555
13684_Fabp12	0.070291	-0.157194	0.143955	0.00287298	0.0413879	-0.098141	0.26596	1.09855	0.74232	0.0679312	0.0254923	0.157114	0.221207	0.0790623	0.0604794
13740_Clcf1	0.0175363	0.00920299	-0.842984	-0.0881906	0.0331408	-0.0714872	-0.0866266	-0.0238799	-0.0863069	-0.206576	-0.198399	-0.00295238	-0.0707114	0.0277397	-0.0330152
14002_Mt2	-0.749798	-0.920629	-0.558641	-0.873339	-0.692083	-0.350586	-1.02469	-1.0992	-0.907048	-0.786036	-0.967476	-0.914129	-0.774893	-0.865723	-1.20589
14075_Cdkn3	-0.251247	-0.269801	0.662603	-0.317998	0.638672	0.0960103	0.813277	0.104677	0.290895	-0.27395	-0.0790796	-0.266163	0.0312895	0.392447	-0.295624
15203_A1bg	-1.4995	-1.54298	-1.12944	-1.44109	-1.40429	-0.156574	-1.03356	-1.63358	-0.913701	-1.58343	-1.49824	-1.62494	-0.34374	-2.02285	-2.30616
15275_Cyp2b13	-0.975143	-1.06966	-0.0776884	-0.475415	-1.06021	-0.342774	-1.18307	-1.59959	-0.957954	-1.3788	-1.12633	-1.16821	-0.631494	-0.00680026	-1.32673
15531_Fmo3	-2.36427	-2.19513	-1.78814	-2.17751	-2.43591	-0.944203	-2.31143	-0.662981	-0.580031	-2.33937	-2.18504	-2.31146	-0.646813	-2.3837	-2.68279
15776_Cyp3a11	-0.131398	0.0632245	-0.130409	-0.123079	-0.366264	-0.548132	-0.208912	-1.00082	-0.204367	-0.223897	-0.121674	-0.237845	-0.241525	-0.0890431	-0.258768
15841_Klf2	-0.271972	-0.579236	-0.456653	-0.126363	-0.519219	-0.626126	-0.436447	-0.611231	-0.462121	-1.28009	-0.227374	-0.306252	-0.0618919	-0.412875	-0.477165
16013_Tiam2	-0.890435	-0.535287	-0.638273	-0.0698905	-0.469983	0.115056	-0.0976049	-0.44379	-0.380144	-0.463291	0.026785	-0.394899	0.158162	-0.0821512	-0.11477
16669_Cyp2b10	-0.506544	-0.554106	0.546773	0.202709	-0.565002	0.0250198	-0.435843	-1.098	-0.211492	-0.787245	-0.481382	-0.387179	-0.0022425	0.797837	-0.725504
16739_Mfsd2a	-1.14297	-0.385444	-0.0091225800000001	-0.190426	-0.024197	0.19959	-0.132134	-0.800317	-0.315901	-0.301031	0.042937	-0.840658	-0.200983	-0.240794	0.0285322
16753_Foxq1	-0.117637	-0.4131	-0.320541	-0.0169343	-0.473752	-0.180269	-0.367189	-0.553608	-0.436305	-0.966767	-0.148186	-0.163229	0.136996	-0.116067	-0.333189
16763_Mtss1	-0.66436	0.0283849	-0.287929	-0.1666	0.163636	0.275243	-1.02783	-0.400978	-0.236073	0.0748944	-0.532861	-0.664671	-0.147862	-0.0386954	-0.15371
16845_Npb	0.559131	0.48289	0.836227	0.197732	0.716748	0.173827	0.93769	0.791865	0.726932	0.578578	0.426226	0.676643	0.176021	0.270126	0.61597
17917_Mthfr	-0.357164	-0.434235	-0.40403	0.0271844	-0.51396	-0.145593	-0.324661	-0.53986	-0.408203	-0.796583	-0.0312366	-0.191039	-0.00156594	-0.0603962	-0.220099
18172_Pik3c2a	0.259802	0.412217	0.777792	-0.349625	0.294973	0.336216	0.780787	0.277501	0.690184	0.192349	0.00533834	0.315806	0.125421	-0.170246	0.11437
18441_Emr1	-0.64935	-0.61533	-0.645541	-0.3398	-0.771391	0.0339911	-0.392621	-0.349646	-0.808396	-0.43547	-0.234894	-0.513986	-0.259427	-0.158637	-0.356823
18445_A_52_P477752	-0.392668	-0.622684	-0.448214	0.0183126	-0.491149	-0.260706	-0.361694	-0.543732	-0.480078	-1.10478	-0.125989	-0.242765	0.0661435	-0.235019	-0.352211
18663_Ctsm	-0.196571	-0.984532	-0.157113	0.175251	-0.121013	-0.0967868	-0.0366415	0.0140184	-0.0655577	0.09617	0.137398	-0.0348982	-0.101002	0.227965	0.0863803
18833_A_52_P1163917	0.318764	-0.983647	0.111265	-0.264468	-0.0906387	-0.0570087	-0.14661	-0.112556	0.0431189	0.547627	0	-0.350922	-0.19805	0	0
18993_Cyp7a1	-0.726983	-0.541154	-0.236637	-0.863205	-0.256268	0.164367	-0.234301	0.204028	-0.0849298	-0.281319	-0.501042	-0.699292	-0.203483	-0.498782	-1.02289
19003_A_52_P103319	-0.48266	-0.910215	0.0258049	-0.113519	0.0985496	-0.0425897	-0.117203	0.0176713	0.0831626	0.107263	-0.259323	-0.10033	0.0198278	-0.276245	-0.194741
19157_Cyp2b13	-1.41876	-1.56401	-1.41064	-1.34493	-1.47072	-0.339531	-1.35894	-1.63873	-1.34535	-1.59172	-1.41362	-1.89252	-0.844977	-1.85318	-1.93569
19424_H2-Ab1	-0.342616	-0.377778	-0.146778	-0.276523	-0.467084	0.0069089	-0.174584	-0.190093	-0.338744	-0.840348	-0.226755	-0.18581	0.0160532	-0.250691	-0.174644
19482_Afp	0.0765256	0.111221	0.808754	0.262455	0.376596	0.406658	0.760178	0.492064	0.510183	0.50155	0.436662	0.370945	0.380462	0.419195	0.215518
19757_Smpd3	0.168757	0.283135	0.307319	0.900415	0.152599	-0.119262	0.380888	0.573789	0.165553	0.451125	0.646659	0.107196	-0.0881525	0.467149	0.376552
20076_A_52_P237357	-0.631016	-0.315032	-0.514032	-0.116569	-0.238179	0.0914304	-0.890787	-0.235431	-0.364118	-0.303838	-0.567863	-0.496676	0.0359436	-0.149949	-0.427032
20089_Rgs16	-0.314909	0.621987	0.00868659	-0.0654543	0.109969	0.509602	-0.431009	-1.12606	-1.18646	0.160432	0.481989	0.437487	-0.41169	0.0905165	0.012692
20171_Serpinb1a	-0.673834	-0.674001	-0.405594	-0.482636	-0.277505	-0.0275414	-0.230875	-1.05969	-0.64982	-0.51135	-0.269895	-0.491826	-0.211478	-0.672905	-0.550561
20284_A_51_P182362	-0.683105	-0.750734	0.201458	-0.201227	-0.725812	-0.0782005	-0.72638	-0.834569	-0.387881	-0.858675	-0.680337	-0.604067	-0.17964	0.361295	-0.733576
20445_Olfr114	-0.154105	-0.168111	0.0372128	0.261822	-0.206568	-0.059943	-0.237336	1.01044	0.836497	0.251568	0.153726	-0.0551661	0.831293	0.451621	0.121139
20802_Mup6	-0.328079	-0.50955	-0.781997	-0.344033	-0.425464	-0.319218	-0.166754	-0.136518	-0.202005	-0.242187	-0.182554	-0.410631	-0.449673	-0.283058	-0.246174
20910_Rpl21	-0.345948	-0.506371	-0.436686	0.00208313	-0.443824	-0.247748	-0.349895	-0.529475	-0.471497	-0.921348	-0.144795	-0.178765	0.0044805	-0.210768	-0.303905
20968_Adamdec1	-0.985058	-0.481021	-0.194736	-0.197681	-0.592306	-0.0384991	-0.158868	-0.0728078	-0.203825	-0.165907	-0.113403	-0.374259	0.0274969	-0.218841	-0.319517
21336_Cyp2b9	-1.36938	-1.45238	-0.321853	-0.593582	-1.18629	-0.712994	-1.39817	-1.7368	-1.18872	-1.4515	-1.26217	-1.62934	-1.02337	-0.176037	-1.61441
21337_Apob	0.0647863	-0.222987	-0.0787492	-0.61502	-0.0123278	-0.101393	-0.893883	-0.242262	-0.174505	-0.238111	-0.410616	-0.105795	-0.959369	-0.586479	-0.198252
21411_Mink1	-0.443041	-0.646927	-0.481529	0.301678	-0.393344	-0.188995	-0.423043	-0.465418	-0.375309	-1.05812	-0.0187403	-0.202937	0.0580982	-0.0659555	-0.32376
21466_BC014805	-1.96044	-1.84214	-1.11646	-1.58387	-1.7153	-0.319088	-1.40769	-1.44042	-1.04706	-1.63524	-1.49985	-1.71154	-0.786067	-1.76558	-2.11487
21501_Syt10	-0.133756	-0.375147	-0.422221	0.10173	-0.236627	-0.27984	-0.214904	-0.421759	-0.313179	-1.06128	-0.0696824	-0.0781276	-0.194729	-0.329878	-0.287433
21803_Fgf21	0.780992	0.357465	0.487757	-0.157325	-0.173107	0.209589	-0.0756037	-0.356991	0.369765	-0.697517	-0.263281	0.93324	-0.400829	-0.243749	-0.0375992
21804_Mafb	-0.794032	-0.111359	0.0923442	0.176258	0.0848436	0.268673	0.00765014	-0.1704	-0.0864946	0.429858	0.348889	-0.356559	0.222916	0.195701	0.302351
22089_A_52_P336748	-0.271759	-0.527677	-0.394851	-0.0169086	-0.423642	-0.488047	-0.386107	-0.536202	-0.434026	-1.19872	-0.0999759	-0.208802	0.0469214	-0.263461	-0.366861
22175_Cfd	-1.33783	-0.976683	-0.845042	-0.790155	-0.630341	-0.105659	-0.263183	-1.0861	-0.346132	-1.19473	-0.732314	-0.911483	-0.255963	-0.835088	-1.09157
22547_Fgl1	-0.3392	-0.501434	-0.382685	-0.0802525	-0.783011	-0.225869	-0.548836	-0.0421008	-0.535047	-0.202787	-0.303396	-0.348123	-0.607908	-0.228279	-0.471672
22754_Cyp2a4	-0.892361	-0.623794	-0.338336	-0.654553	-0.459331	-0.671824	-0.511537	-0.547191	-0.482769	-0.498591	-0.353612	-0.718476	-0.400501	-0.353339	-0.613654
22904_Acnat2	-0.790657	-0.712478	-0.640883	-0.784659	-0.433032	-0.125995	-0.454718	-0.814076	-0.570835	-0.910491	-0.638342	-0.6854	-0.269857	-0.879364	-0.768344
23128_A_51_P277048	-0.254218	-0.757349	-0.814023	0.131182	-0.584191	-0.611691	-0.602815	-0.653085	-0.456049	-0.252314	-0.228604	-0.746641	-0.634729	-0.0292159	-0.0137249
23371_Cdk5r2	-0.420864	-0.713183	-0.494346	-0.109546	-0.59715	-0.475769	-0.495226	-0.676647	-0.574654	-1.40367	-0.217366	-0.317081	0.0286883	-0.383472	-0.499516
23589_Prkrir	0.29736	0.489958	0.512964	-0.0949573	0.0152265	0.0950122	0.789843	0.457963	0.625762	0.107618	-0.0467652	0.487701	0.171323	0.0383944	0.0396126
23616_A_52_P176983	-0.385613	-0.648977	-0.46859	0.0714876	-0.374557	-0.540154	-0.440145	-0.565445	-0.414657	-0.93287	-0.127265	-0.223213	0.0548578	-0.154429	-0.275475
23794_A_51_P299527	-1.1924	-1.16981	-0.769086	-0.975997	-1.25987	-0.286353	-0.888422	-1.25821	-0.659304	-1.53977	-1.24407	-1.03373	-0.34313	-1.29648	-1.37333
24285_Slc4a7	-0.443474	-0.703709	-0.542483	0.101597	-0.371186	-0.543397	-0.40865	-0.5198	-0.364642	-0.809193	-0.103376	-0.195708	0.0463961	-0.142465	-0.241235
24388_A_52_P348256	-0.163216	-0.31057	-0.779139	-0.154492	-0.351481	-0.316253	-0.0838936	0.0161714	-0.0853246	-0.142644	-0.151591	-0.254519	-0.272191	-0.0198145	-0.0630456
24425_A_52_P123693	-0.226914	-0.253618	-0.377508	-0.00616442	-0.491175	-0.429905	-0.49892	-0.583389	-0.480722	-0.785921	-0.183022	-0.220522	-0.0562283	-0.185622	-0.257881
24454_Cyp3a16	0.00140105	-0.0338216	-0.116934	-0.148365	-0.220452	-0.186562	-0.171489	-1.14935	-0.27216	-0.262831	-0.092275	-0.040225	-0.229647	0.0847495	-0.146486
24757_Ccrn4l	-0.918327	-0.239191	0.255684	-0.188206	0.124261	0.339043	0.133317	-0.366714	-0.184448	0.0745863	0.166418	-0.695656	-0.00887625	-0.295534	0.359524
25432_Fgf21	0.948931	0.632617	0.469231	-0.201446	0.167952	0.0101229	0.0727977	0.092862	0.251036	-0.422796	-0.183624	1.07275	-0.0212989	-0.11781	0.14801
25563_Fhit	0.175799	0.172851	-0.122903	0.150739	0.121388	-0.00119901	0.310661	1.03542	0.912568	0.104609	0.267758	0.316153	0.620608	0.180362	0.196559
25608_Sts	-0.0069086300000001	-0.148136	-0.206691	-0.0761765	-0.308168	-0.288835	-0.292584	-0.479227	-0.360885	-0.915571	-0.168441	-0.100117	0.0731781	-0.291365	-0.271575
25717_Arl4d	-0.489827	-0.722178	-0.51876	0.0124651	-0.553999	-0.313527	-0.493716	-0.580629	-0.492083	-1.0979	-0.152272	-0.254098	0.00715619	-0.247574	-0.335593
25944_Jsrp1	-0.437868	-0.760767	-0.807043	-0.159851	-0.531275	-0.461616	-0.537978	-0.662474	-0.451281	-0.157593	-0.00642928	-0.671681	-0.487657	-0.145704	0
26340_Krt23	-0.0611301	0.139119	0.63318	0.3579	1.04744	0.768053	1.0258	-0.306592	0.229537	-0.0161741	0.555306	0.325981	0.214276	0.332213	0.366896
26864_Pde4dip	0.208625	-0.141052	-0.208881	0.0729225	-0.0907186	-0.119622	-0.287063	-0.0043928	-0.174237	-0.219565	-0.0951829	-0.817877	-0.123343	0.0529365	0.135008
27273_Cyp2c40	-0.297258	-0.229864	-0.189745	-0.51593	-0.788654	-0.25999	-0.562454	-0.204808	-0.149364	-0.443817	-0.305256	-0.2746	-0.376733	-0.375553	-0.32288
27466_Apob	0.0403382	-0.238033	-0.0911144	-0.499828	-0.0521081	-0.092998	-0.934764	-0.281562	-0.196299	-0.232939	-0.37773	-0.0495944	-0.84405	-0.471456	-0.101844
27478_Cyp4a10	-0.575883	-0.446523	-0.698589	-0.315448	0.435864	0.260609	0.326454	-1.18019	-0.880501	-1.10067	-0.392739	-0.378058	-0.357793	-0.450292	-0.521654
27939_Gm16430	0	-0.659596	-0.809406	0	-0.108622	-0.132139	-0.190708	-0.0804841	-0.217154	0	0	-0.18595	-0.0968286	0	0
28116_A_51_P422223	-0.344632	-0.603584	-0.410334	-0.0088895299999999	-0.463365	-0.179243	-0.377587	-0.517295	-0.407071	-1.05383	-0.127737	-0.219892	0.0702077	-0.271296	-0.3311
28351_Cyp4a14	-1.03605	-0.579912	-0.636323	-0.785615	0.242602	0.0201964	0.237076	-2.00728	-1.47683	-1.57532	-0.387657	-0.609912	-0.725726	-1.00114	-0.808738
28756_Anubl1	-0.0880907	0.144185	0.600943	-0.00504834	0.203219	0.211793	0.8883	0.42077	0.497404	0.249965	0.327519	0.270941	0.186851	0.172806	0.139333
28764_Cyfip2	0.300911	0.223595	0.0999572	-0.200028	0.363773	-0.113695	-0.0734185	1.13058	0.893245	-0.00639163	-0.232684	-0.00786962	0.0261503	-0.049689	0.0121135
28770_A_52_P292251	-0.0892414	-0.383987	-0.298889	-0.091128	-0.401878	-0.30031	-0.327106	-0.481778	-0.411251	-1.23319	-0.150926	-0.191255	0.029111	-0.411483	-0.403084
28820_A_52_P327146	-0.797912	-0.434687	-0.132864	0.113187	0.0348539	0.101962	-0.591929	-0.33769	-0.231169	0.00467631	-0.342477	-0.72595	0.0936675	0.170949	-0.163798
28907_Malat1	-0.425261	-0.343824	-0.0586603	-0.189217	0.0268889	0.102836	-0.831948	-0.0076482	-0.0426497	0.138187	-0.201221	-0.439559	-0.0266221	-0.0463828	-0.103443
28925_Dido1	-0.911823	-0.402549	-0.280613	-0.142125	-0.355114	0.15715	-0.558115	-0.350481	-0.292296	-0.183452	-0.47664	-0.457931	0.0406296	-0.199339	-0.35057
29221_Cyp26a1	-0.669429	-0.753646	-0.94822	-0.796937	-0.907473	-0.139791	-0.057616	-0.564282	-0.677615	-0.93108	-0.921894	-0.966803	-0.0946918	-0.826219	-0.455682
30210_Tmem86b	0.372964	0.325803	0.424538	0.0593989	0.239391	0.37462	0.298963	0.643843	0.832668	0.124132	0.241119	0.504009	0.772713	0.130033	0.0660036
30425_Mbip	-0.173633	-0.175217	0.0648258	0.450833	-0.100286	-0.0757913	0.0215891	-0.0907292	0.0674392	0.042493	-0.153353	-1.69107	-0.201662	-0.00587534	-0.05012
30426_4930592I03Rik	-0.249155	-0.191187	-0.294534	1.02058	-0.336992	-0.193175	-0.149139	-0.363243	-0.17289	-0.0557096	0	-0.907307	-0.0790137	0.112267	0
30591_Rabl2a	0.0771586	0.207996	0.207383	-0.892667	0.245094	-0.008646	0.186674	0.371141	0.0224379	0.113389	0.113683	0.225478	0.103426	0.134219	-0.0951209
30718_A_52_P55258	-0.664399	-0.876347	-0.488838	-0.734224	-0.637893	-0.0933977	-0.216136	-0.753912	-0.45688	-0.664471	-0.726036	-0.615019	-0.19634	-0.896741	-0.854612
30761_Snx27	0.321629	0.796737	0.197358	-1.14835	0.157185	-0.0930577	0.315357	0.326683	0	0.0979358	-0.0066073000000001	0.460348	-0.245637	0.12421	0.0495066
31017_Mgat5	-0.549656	-0.295367	0.134475	1.02565	-0.144608	-0.0479999	-0.178928	-0.0419137	0.0220779	-0.0556153	-0.229121	-0.348934	-0.0595236	-0.125007	-0.337111
31063_Afp	0.0349785	0.105983	0.784701	0.281703	0.40523	0.416719	0.746001	0.530502	0.530564	0.489323	0.45741	0.377957	0.436215	0.437742	0.287445
31186_A_52_P699435	0	-0.296545	-0.32412	-0.782611	0.136582	-0.120027	-0.160419	-0.298053	-0.172719	0.364906	0	-0.358865	-0.26907	-0.192227	0
31271_Rftn1	0.15852	0.27749	0.047606	-1.1824	-0.0763575	-0.111696	0.0165423	-0.0339627	-0.0113107	-0.137862	-0.0663872	0.0788824	-0.127749	0.103447	-0.0698702
31439_A_52_P90393	-1.48353	-1.36099	-0.706083	-0.0078569600000001	-1.20853	-0.122032	-0.57972	-1.18338	-0.631873	-0.876684	-0.61103	-0.0834533	-0.170085	0.289353	-0.332614
31480_9330182L06Rik	-0.0557215	-0.378855	-0.845241	0	-0.245015	-0.153005	-0.267193	-0.264945	-0.29381	0.41099	0	-0.276141	-0.111521	-0.281548	0
31700_A_52_P511177	-0.312558	-0.695925	-0.798338	-0.326963	-0.411052	-0.537113	-0.553427	-0.576525	-0.376224	-0.39518	-0.109046	-0.754602	-0.679176	-0.251167	-0.196169
32759_Srrm4	-0.780176	-0.918626	-0.711461	0.270367	-0.497039	-0.367751	-0.545064	-0.686986	-0.482438	-0.81875	-0.19147	-0.413622	-0.341845	-0.221246	-0.330595
32907_Tcfap2e	-0.301874	-0.547625	-0.412926	-0.12264	-0.50675	-0.649821	-0.415804	-0.587707	-0.510665	-1.20115	-0.181771	-0.27016	0.010137	-0.350137	-0.460862
32993_D10Bwg1070e	-0.641633	-0.355315	-0.417597	-0.00426466	-0.0920713	0.262493	-0.854842	-0.336111	-0.319194	-0.103667	-0.440285	-0.537927	0.190453	-0.0354724	-0.375382
33058_1810011O10Rik	-0.82195	-0.625263	-0.276691	-0.0958824	-0.449623	-0.0889389	-0.139207	-0.577213	-0.326101	0.166479	0.290076	-0.352624	-0.172948	0.0233647	-0.121782
33339_Cabyr	-0.0980362	0.256816	-0.158713	0.195009	0.413776	-0.0800034	0.0631813	0.100592	-0.0385998	0.634367	0.266667	-0.025832	0.039535	0.200707	1.019
33844_Car3	-0.0550977	-0.0136526	-0.145508	-0.201647	-0.0256485	0.119264	-0.549825	-0.0466982	-0.312828	-0.0841136	-0.269954	-0.148908	-0.0810085	-0.815109	-0.259068
34125_Moxd1	-0.93655	-0.766086	-0.375494	-0.728743	-0.989938	0.0377583	-0.556735	0.898863	-0.170579	-0.899853	-0.72031	-0.632081	0.0333885	-1.11706	-1.08196
34474_Cyp1a1	-0.125703	0.0471433	0.309492	0.164502	0.46101	0.1374	0.778584	2.35955	1.86769	0.398589	0.190381	0.0256722	2.0182	0.394649	0.233873
34511_Khdc1c	-0.356163	-0.546818	-0.676717	0.172758	-0.388464	-0.470401	-0.43706	-0.498361	-0.33678	-0.312266	0	-0.815741	-0.572729	-0.0291728	0.0855712
34521_Chd6	-0.0201659	-0.672172	-0.785898	0.028329	-0.361928	-0.403407	-0.534445	-0.559526	-0.351626	0.107351	-0.139206	-0.683438	-0.431547	-0.169826	-0.208361
34785_Wasf1	0.122019	0.20726	0.362747	0.0585346	0.12269	0.0282236	0.330921	0.684638	0.895686	-0.0120116	-0.00648995	0.373123	0.242587	-0.0182189	0.0947556
34835_Cyp3a41a	-0.214234	-0.0995252	-0.0652193	-0.160088	-0.223246	-0.523764	-0.24659	-1.14682	-0.170186	-0.262114	-0.157849	-0.0797381	-0.25843	-0.0375569	-0.146484
34984_A_51_P281078	-0.923996	-0.995038	-1.00824	-0.905911	-1.0578	-0.154221	-0.193242	-0.693984	-0.663964	-0.931169	-0.976242	-1.06637	-0.0600428	-0.839001	-0.605419
35041_Glb1l	0.195548	0.287134	0.218779	0.431093	-0.00853707	-0.0313613	0.866296	0.0373958	0.27705	0.261539	-0.137384	0.326599	0.658763	0.702471	0.300073
35054_Hamp	0.00419142	-0.0360553	0.297701	-0.306279	0.103109	-0.030028	0.0340799	-0.0684862	0.123032	0.204156	-0.619488	0.0417728	-0.86564	-0.513173	-0.250245
35095_Pitpnc1	-0.972326	-0.42927	-0.348491	-0.217309	-0.411816	-0.0787948	-0.724032	-0.625316	-0.32585	-0.363669	-0.700676	-0.642983	-0.13589	-0.148564	-0.691604
35102_Cyp4a10	-0.195207	-0.0280256	-0.317764	-0.344118	0.386708	0.854838	0.644186	-0.694893	-0.297359	-0.751734	-0.201117	-0.103574	0.0206924	-0.434569	-0.489595
35672_Rps4x	-0.265773	-0.566544	-0.372279	0.102206	-0.384571	-0.219176	-0.248632	-0.500794	-0.317575	-1.11964	-0.111486	-0.162302	-0.0312543	-0.233022	-0.365143
35985_Hamp2	-0.370362	-0.32949	0.100949	-0.379835	-0.0762114	-0.195601	-0.52317	-0.993688	-0.701356	-0.175859	-0.172408	-0.2388	-0.792983	-0.446723	-0.414613
36079_A_51_P278353	-0.137148	-0.356148	-0.293085	-0.00710631	-0.40596	-0.21664	-0.367165	-0.511781	-0.392242	-0.93795	-0.104191	-0.14968	0.0948489	-0.186761	-0.26695
36128_Nppa	-0.25271	-0.416289	-0.230004	0	-0.0684952	-0.119986	-0.255566	-0.447829	-0.161961	0	0	-0.809942	-0.0771452	-0.235365	0
36311_Hebp2	0.467666	0.368236	0.962218	0.285789	0.588803	0.077521	0.955021	0.56461	0.6707	0.463905	0.212324	0.689161	-0.0723673	0.260473	0.285547
36402_Fkbp5	-0.857769	-0.618683	-0.137966	-0.205314	0.123787	-0.0860815	-0.326308	-0.600249	-0.308153	0.0985977	-0.0816345	-0.500228	-0.244397	0.415689	-0.100402
36488_Cyp3a44	0.0889133	0.0468354	-0.0235073	-0.101654	-0.164568	-0.20486	-0.12644	-1.0334	-0.192226	-0.173658	-0.00574038	0.0837979	-0.110936	0.196572	-0.080097
36581_Grn	0.016239	-0.228612	-0.285014	-0.00459084	-0.115026	-0.325862	-0.11585	-0.356479	-0.254205	-1.02024	-0.167526	0.050998	-0.0891094	-0.373402	-0.290379
36627_Lars2	-0.508083	-0.807067	-0.5703	0.0940964	-0.367597	-0.578594	-0.490806	-0.60439	-0.389019	-1.02652	-0.181112	-0.239727	0.126043	-0.246863	-0.266558
37061_Cntnap5a	-0.054171	-0.403174	-0.565096	0.153494	-0.242147	-0.369431	-0.378457	-0.361391	-0.436747	0	0.494884	-0.841595	-0.259369	-0.0439319	-0.34674
37295_Tff3	0.889612	0.428323	1.01249	0.742873	0.304066	-0.0335029	0.0911841	0.876652	0.0660137	0.978047	0.354789	0.50413	0.0684777	0.635015	0.526159
37552_Tnfrsf11b	0.389266	0.324756	0.892657	0.0241985	0.275136	0.354709	0.679023	0.333438	0.749911	0.42429	-0.0167569	0.529807	0.126579	-0.0851105	0.215713
37722_A_52_P481302	-0.471335	-0.12693	-0.405475	-0.592204	0.494166	0.685497	0.595225	-1.1445	-0.715149	-1.185	-0.367194	-0.266228	-0.119684	-0.720026	-0.68939
38098_Arl15	-0.390634	-0.831579	-0.171768	-0.204085	-0.262881	-0.00309303	-0.498254	-0.312687	-0.255084	-0.0441394	-0.00894188	-0.0626096	-0.170998	-0.1237	-0.0197297
38709_Cyp1a2	0.449186	0.511245	0.220449	0.149374	-0.120307	0.14753	-0.100792	1.14001	1.12152	-0.15701	0.195484	0.318774	1.19697	0.299179	0.08618
38809_Osgin1	0.901106	0.547661	0.167498	0.222737	0.10297	0.147317	-0.0832074	0.092544	0.106704	0.0842988	-0.26618	0.489642	0.308439	-0.0757265	0.15877
39051_Col2a1	0.617801	0.360957	0.25624	0.084956	0.466794	-0.177314	-0.0911107	0.176473	0.159584	0.793663	0.042198	0.118957	-0.142509	-0.0769174	0.378235
39209_Ppp1r13l	-0.50589	-0.569708	-0.304899	0.396182	-0.34498	-0.0029059500000001	-0.233934	-0.443807	-0.18675	-0.809705	-0.00789388	-0.0173012	0.151924	0.0998375	-0.139232
39551_Fabp4	-0.0756127	-0.0817402	0.672981	0.0671805	0.798918	0.552392	1.11222	0.138511	0.199168	0.384137	0.396062	0.265728	0.114558	0.117757	0.207562
39650_Synpo	-0.415414	-0.676956	-0.46896	-0.075298	-0.584686	-0.424741	-0.468372	-0.668979	-0.58184	-1.28569	-0.217258	-0.218835	0.0999937	-0.337325	-0.425179
40022_Scrt1	-0.136646	-0.605217	-0.862871	-0.0723526	-0.3573	-0.44436	-0.511612	-0.585512	-0.278	-0.576495	-0.190508	-0.5834	-0.475594	-0.262663	-0.138243
40638_Cyp3a44	-1.67419	-1.77891	-1.37271	-1.0952	-1.7368	-0.532549	-1.54753	-2.14877	-1.56242	-1.60444	-1.2244	-1.60579	-0.67568	-1.32727	-1.71862
40705_Pygl	-0.870382	-0.0848396	-0.170387	-0.121188	-0.312586	-0.0573738	-0.622272	-0.57039	-0.187497	-0.191963	-0.743834	-0.15442	-0.0464985	0.00271697	-0.582489
40782_Col2a1	0.656919	0.345487	0.304866	0.111521	0.481869	-0.17734	-0.0500938	0.160613	0.138064	0.787612	0.0529766	-0.0163318	-0.152145	-0.0969138	0.417767
40971_Rhox6	-0.304992	0.477635	0.407953	0.626542	0	0.0549212	0.34725	0.236243	0.107453	0	0	-0.84004	0.115992	0	-0.330813
40992_Khsrp	-0.372433	-0.511926	-0.429455	0.0749096	-0.456261	-0.41475	-0.43574	-0.543345	-0.46767	-0.858377	-0.125063	-0.14457	-0.00394615	-0.169916	-0.284128
41241_Afp	0.0284282	0.13592	0.811073	0.244518	0.400749	0.394274	0.77079	0.541098	0.620143	0.551378	0.472897	0.469098	0.39696	0.38397	0.269065
41559_A_52_P462257	0.236656	-0.0404467	0.0784571	0.119099	0.152516	-0.0170377	0.13144	1.03004	0.329775	0.274762	0.138213	0.0181214	0.202953	0.198613	0.168639
41666_Gm1381	-0.850515	-0.590165	-0.318704	0.0269646	-0.679141	0.103783	-0.134193	-0.156673	-0.3117	-0.162597	0.0443267	-0.509366	0.36674	-0.0987115	0.0223364
42196_Nme4	0.249726	0.277759	0.590678	0.302789	0.46705	0.35729	0.906546	0.678016	0.711994	0.411984	0.406908	0.536195	0.584909	0.272329	0.391253
42443_A_52_P486910	-0.254096	-0.511844	-0.347249	0.00808794	-0.448536	-0.246388	-0.354853	-0.529759	-0.457366	-1.19447	-0.116852	-0.129201	0.161795	-0.270412	-0.340804
42577_Ptms	-0.349076	-0.569481	-0.445564	0.0675157	-0.41425	-0.582915	-0.420533	-0.532693	-0.433354	-0.954984	-0.14066	-0.183672	0.0460095	-0.169922	-0.324062
42804_Afp	0.0436674	0.11857	0.824885	0.262115	0.368231	0.37081	0.776682	0.553758	0.584857	0.548492	0.470644	0.385708	0.450227	0.403812	0.31551
43313_Cyp2c55	0.499103	0.339921	0.855621	0.622699	0.157878	0.188723	0.350703	0.0211833	0.625096	0.184656	0.360826	0.556316	0.475343	1.0795	0.367044
43724_A_52_P179599	-0.296132	-0.399198	-0.388648	0.355656	-0.245643	-0.491591	-0.297689	-0.377891	-0.356785	-0.8065	-0.0501353	-0.104758	0.158035	-0.0497163	-0.233075
44386_Insl6	-0.397546	-0.154404	0.152916	-0.00098234299999993	0.180799	0.00749388	0.501732	1.00412	0.87312	-0.00639074	0.240325	0.0936149	0.569442	0.0292583	-0.150377
44422_A_52_P311031	-0.363415	-0.419063	-0.400297	0.101249	-0.364604	-0.546355	-0.43584	-0.529071	-0.397801	-0.820328	-0.116998	-0.100607	0.0761052	-0.0990191	-0.188733
44840_Slc46a3	0.033333	0.143289	0.143979	0.199474	0.157146	0.401907	0.192195	0.889548	0.901274	0.346238	0.182707	0.139732	0.973912	0.146175	0.258794
44843_Tagln	-0.294441	-0.494141	-0.336261	-0.0598057	-0.417014	-0.273494	-0.343544	-0.442931	-0.37403	-0.906598	-0.129868	-0.156673	0.0361672	-0.331602	-0.30425
45034_Clcnka	-0.0910536	0.0199262	0.167834	0.100143	0.0437649	-0.0827222	0.154558	0.911388	0.883767	0.0931285	0.0931266	0.138934	0.244158	0.187796	0.119237
45099_Txndc3	0	-0.593031	-0.266913	0	-0.404663	-0.135225	-0.180298	-0.418168	-0.19524	0	0.767494	-0.822027	-0.269471	0	0
45116_Chad	-0.174281	-0.0936484	0.0777685	0.21981	-0.0481436	-0.0192105	0.161501	0.924571	0.890906	0.17188	0.0650902	0.105005	0.774109	0.251652	0.121785
