./agilentarrayinfo.php?arrayid=
../agilentfeatureinfo.php?featurenum=
TE A1 Corn Oil 10 ml/kg 48hrs
TE A3 Corn Oil 10ml/kg 48hrs
TE E1 Aroclor 1260 200mg/kg
TE E3 Aroclor 1260 200mg/kg
TE C2 Wy-14643 50mg/kg 48hrs
TE C1 Wy-14643 50mg/kg 48hrs
TE C3 Wy-14643 50mg/kg 48hrs
TE B1 TCDD 10ug/kg 48hrs
TE B2 TCDD 10ug/kg 48hrs
TE D1 PBDE 2mg/kg 48hrs
TE D3 PBDE 2mg/kg 48hrs
TE A2 Corn Oil 10 ml/kg 48hrs    
TE B3 TCDD 10ug/kg 48hrs
TE E2 Aroclor 1260 200mg/kg 48hrs
TE D2 PBDE 2mg/kg 48hrs 
518
519
520
521
530
531
532
533
534
535
537
538
539
540
541
16	 Hvcn1 	NM_001042489 	0	1.2842276019864	1.3710901157426	1.7160858091123	-1.562694199084	1.20056754811	-1.0485964908389	1.3066672313995	-1.0055968169664	1.3935032951316	-1.0170008830131	-1.0206298362779	-1.4496528042798	-1.2051905009502	1.0903715214972	-15.42126499385
22	 Ptdss2 	NM_013782 	0	-1.1566607539141	1.0583619066249	1.0080208611616	1.1245316935428	-1.42945010205	-1.1482006807024	1.7184424802473	-1.0734388271066	-1.1979555392243	-1.8926835171794	-1.1861882015552	-1.407168160721	1.1663929876364	-1.2254130471028	-11.439051098475
127	 2810403D21Rik 	NR_015493 	0	-1.2239813487449	1.7689395825406	4.6181602622709	1.6823951201783	1.644511822498	-1.0378574329261	7.295414969886	2.1994343326231	2.4133982862208	1.8819886502936	1.8060551172785	2.0771219731177	1.0661737851952	1.4430022225307	1.592322383186
181	 Megf11 	NM_172522 	0	-1.3521690777648	-1.4912484318905	-1.2449906790955	1.277720903781	-1.3312419664957	-1.4323429011825	-1.2146322276274	-1.762917545012	-1.2492239445649	-1.412277369555	-1.0734351195866	-2.7180034271385	-1.3403369800812	1.1756474332148	-9.9123356584313
183	 Srp9 	 	0	-3.1155878390039	-1.3272844304972	1.5813281423789	1.3209853462713	1.5660261147735	1.0624328733779	-1.1005226873705	-1.177576960422	1.1087547668539	-1.7644891817353	-1.7127106568208	-1.8902924511901	1.1885742029199	-1.0518259953995	-15.967613063722
220	 Cyp2b9 	NM_010000 	0	-15.220537870232	-14.408872552165	-2.383685748826	-3.7659105482718	-16.81821886885	-1.2978425246633	-7.2751340509199	-33.676736589975	-4.875329804274	-36.855304185248	-2.5109091540186	-12.269023547838	-1.7150784893012	-1.1520642496527	-37.478310075467
265	 Dscaml1 	NM_001081270 	0	-1.3057078045201	-2.2765909233081	-2.2652284109639	1.162659916171	-2.0397596667597	-1.6380230168457	-2.1867392489275	-1.9881264353716	-2.0653516217263	-1.8776429027014	-1.2284011094184	-1.6980598759318	-1.1513612265886	1.0810390945411	-8.6445024156933
267	 Lepre1 	NM_019782 	0	1.1824549400117	1.0943234355965	1.1200662211029	-1.0786021955954	1.0035417846557	1.0249264476484	1.07327521408	-1.0896835630914	1.3136026019032	-1.5966951275256	1.0006541042502	1.2065157621859	1.125609370845	-1.3492020736357	-12.793223878277
273	 7030407O06Rik 	 	0	-4.4028815311079	-3.0724512447283	-1.9252937455737	-1.7534363275945	-1.4285287985361	-1.6311466180387	-3.2403729641046	-2.5958105907776	-1.8028641381372	-1.8622114816228	-2.7188296660071	-3.3809753155511	-1.3023778457767	-1.5317680265109	-6.7063003508222
274	 Esr1 	NM_007956 	0	-2.1582910012836	-3.5077206543463	1.3090342206957	-1.6903124878483	-1.9726498327468	1.1080006113025	-1.6407295502632	-1.1847668662547	1.2246119695978	-1.1476678083101	-2.035401077087	-1.6902268640736	1.2593342065381	-2.3791345286381	-7.8605149857209
279	 Cd207 	NM_144943 	0	-6.1580044726242	-4.4505019944757	-3.1640183969063	-2.5197415647248	-5.3729153705892	-1.6619999255742	-2.7095427031206	-3.8176578234384	-2.9608335962073	-3.7060135255786	-2.8972501898846	-2.8129434408338	-1.8731907304764	-1.5813681954548	-7.2360073612606
282	 Syn1 	NM_013680 	0	-1.9979241662317	-2.8190124895208	-2.5618635816892	1.0050256133267	-3.0063324181579	-2.8714879623354	-2.3571759424656	-3.2475212384878	-2.7472298710959	-10.097875224841	-1.4648933247228	-1.6286921381495	1.0448320836193	-1.6965630338761	-1.9936182471533
355	 Ptchd1 	NM_001093750 	0	-1.8368216938539	1	5.0856210965656	-1.8205139033083	1.888656597164	1.0499064408719	1.266222423024	1.6065786822626	3.57218547304	1.1904591571203	-1.0840734293757	1.1566599549215	1.0691597480926	-1.1730831589397	-9.5938958607155
357	 Ntrk2 	NM_008745 	0	-10.041763758702	-2.8072235593711	1.2255919507305	-1.4302896632804	-2.7085696012903	1.0597216328805	1.4644616390254	-5.6252910815573	1.2872087995425	-1.1933913894484	1.3556918961539	-3.2489647541531	-1.0912541290869	-2.9549014422126	-10.64878356127
359	 A_51_P345577 	A_51_P345577 	0	1.3031067667862	1.2841300232637	1.2540743928263	-1.0241484215768	1.4242689287284	-1.2267515065443	1.0482935170445	1.2684664939818	1.2169824069817	-1.0585488386037	-1.0308106573788	-1.3368725314908	-1.2489648038035	1.1141100708627	-8.4596812561336
434	 Tmem191c 	NM_177473 	0	-2.1540610111624	-1.3707428840359	1.2445372502236	1.0613606937408	-1.0914187237082	-1.1282924966123	-1.1357184995497	-1.182660794284	-1.0002351330904	1.327305823967	-1.1569196565992	-1.3507562944365	-1.343333978496	1.2926322887691	-8.7159353453983
435	 A_52_P764477 	A_52_P764477 	0	-1.5156712054061	-1.3137145198961	1.1838511490132	-2.10524187545	1.2789188839083	-1.0482831378202	-1.0002988050492	1.2726647052246	-1.1404532836852	-1.1515698876305	-1.2378097522	-1.3582071112516	-1.0709125300662	-1.6558614672275	-20.302989966568
436	 Ogg1 	NM_010957 	0	-1.3694588911608	-1.5126170799807	1.1963382817761	1.1027592262594	1.0623729396871	1.2711213111429	1.3438475380102	-1.2424922828498	1.2747675508614	1.0247395542459	1.0396465099578	1.0585088660185	1.0736435020722	1.2850144164453	-6.2566520022757
438	 Ihh 	NM_010544 	0	2.1716108357455	3.2971446452801	4.4048690293982	1.5105391995449	2.6778916433982	1.0598199734423	2.8560315454394	1.5266869735747	3.1959796107392	1.2144915570325	1.0723167749666	1.2830364662612	-1.0196382760045	-1.1242966069628	-7.3382077029134
692	 Casp12 	NM_009808 	0	1.0643603802432	1.5085996408913	4.4026382256056	-1.433203961753	1.1733019703716	1.138178296629	2.6637348949087	1.1954023355136	1.6883520131147	1.3704809401404	-1.6563419449268	1.8128421903914	1.0537446920526	-1.1444915749215	-6.5137787045007
821	 Rmrp 	NR_001460 	0	2.4764239755942	2.2454893519971	2.5696915712065	6.7694128271257	2.9282692031142	1.3537610046373	5.7423280577079	1.9671161320937	1.8339563719044	2.0371218171326	1.9440077860057	2.7409177289166	1.8440003536143	3.6394352738392	3.0897902613664
898	 Cyp1a2 	NM_009993 	0	2.4435655853874	2.6550701492197	1.5752591103784	1.3558136438624	-1.1335654485458	1.7569321902991	-1.2452025460275	6.0158777184483	5.2564434919106	-1.3426907592542	1.3609181308219	1.9504103818998	10.403033571587	2.0481228366554	1.262812871833
1029	 Atxn3 	NM_029705 	0	2.0764668396928	1.9297364494044	1.9368366745485	-1.2127338504785	1.4878460625573	-1.1086743502011	1.7667495932447	1.8581894927425	1.3888297150918	1.7382810672077	1.367231324802	1.7351818647424	-1.178400179531	-1.0324332909941	-9.5473314496904
1200	 Sox9 	NM_011448 	0	-1.1345070526083	1.0686630659402	1.6586662199588	-1.1816335136566	-1.0049404790969	1.1698487086591	1.1267760309614	1.0793015481176	1.6616517144976	-1.311040174265	-2.2195656752862	2.0294249717705	1.0912455859217	-1.2268978347168	-6.5671056020973
1597	 Arid5b 	NM_023598 	0	-3.3451145937081	-4.8217645536851	-3.4838945389776	1.1368215561762	-3.4294541425433	-2.536892123093	-3.8552895399906	-4.3621339748843	-3.1895175782395	-10.03806491761	-1.3464709872637	-1.7383451090285	-1.1097634059255	-1.3995260932028	-1.8731001558641
1875	 Xlr4b 	NM_021365 	0	-1.7978522585329	-2.1695816549749	-1.3940970236645	1.981002392291	-6.7660935784053	1.1027813174942	-2.7083450889642	-1.073798270162	2.9440148750156	-5.7934464893875	1.0001999119968	-3.7781569920231	1.3822894710633	-1.6279085344477	-5.5407939500135
2077	 Tfam 	 	0	-1.7548338371916	-2.5210589446793	-2.5785407548978	1.1506912217109	-2.3725097179464	-2.6109406507846	-2.4458622832581	-2.8062282996876	-2.4045897969693	-6.2866893400819	-1.3198208959187	-1.434640213149	1.003527804774	-1.4004093444487	-1.7031151021047
2161	 A_52_P567281 	A_52_P567281 	0	-1.9012271171626	-4.0544878190513	-2.9959599264312	-1.3995840999074	-3.2370320545238	-4.5676519106449	-2.9325538787767	-4.2151302585155	-2.3685360541563	-16.205035993723	-1.4463153650825	-2.1696565909647	-1.3165186022064	-2.825374362188	-3.5215592519009
2263	 Cnih2 	NM_009920 	0	-1.2051602532446	1.269050778916	1.3781643134866	1.1784788697922	1.3921723372819	-1.1370411964114	1.6354339159733	8.1120944769592	9.1511568672219	1.3578912818456	1.3047070226416	1.5797886888863	3.2553673247164	1.6571544981109	1.3276512234104
2306	 A_52_P1156957 	A_52_P1156957 	0	-54.554427173204	-14.803008891487	-21.094051403706	-43.942018237862	-4.3359074139786	1.0710992124848	-8.1660493467506	-16.065712837114	-7.142364335568	-235.55373775924	-33.79247490892	-12.425961394648	-1.8699930825331	-39.047209269354	-96.522819617393
2605	 BC048507 	NM_001001185 	0	-2.5650332549929	-4.8402857353917	-2.8433086089727	1.5920107647704	-1.5712851280484	-1.7507817059943	-2.1910838612117	-2.6401159447597	-1.5517473057277	-6.1856736026288	-1.1222843323701	-1.4802361287089	1.2496154900006	-1.1739837890512	-1.5178889521623
2837	 Plin4 	NM_020568 	0	-6.4116971395476	-3.3414733365541	-2.6552229917425	-1.7067935775707	-1.9437884624546	-1.0278617384427	-2.9724804024596	-6.6652892345811	-2.2544260806912	-1.921750487894	-2.7186293426143	-2.6105679387821	-1.0832632254607	-1.530833649662	-1.3274953240387
3152	 Cox17 	 	0	-1.658853372302	-3.0162476739457	-2.2283735761823	-1.0024484761577	-2.5743939136348	-4.5172174796406	-2.2502926413275	-3.4527648356887	-2.1580375640817	-17.678279664031	-1.3196932640937	-1.898982663834	-1.2006634769325	-2.7358734192809	-3.2884178730809
3326	 Vapb 	NM_019806 	0	-2.2043015193738	-6.5363003457956	-2.3389934196548	-3.910443361604	-1.7068210880546	-1.3210887674793	-6.3284594255572	-2.4591895234839	-2.9663473213402	-1.9880531914361	-1.4468116595789	-1.4764270723779	-4.9152657106352	-2.6477745287869	-1.4555964911217
3342	 Ahrr 	NM_009644 	0	-2.3311488218003	-1.4790538968052	-1.7094602239403	-1.1639070532201	-1.2197120095606	-1.3722429239664	-1.1166688462478	13.3168037627	5.0450096350834	-1.3558136438624	-1.2436409103606	-1.6034447499665	1.3646805441978	-1.5027993550255	-2.5632561025087
3514	 Cyp26b1 	NM_175475 	0	-8.744661441788	-5.7671599955332	-8.1244879709142	-5.9899334876384	-3.7363452535945	-1.2029342768299	-4.988029347236	-14.005867065717	-4.6150881432342	-7.1112508715064	-3.3565877093061	-1.8738723370622	1.1356847654092	-11.561921063549	1.2306620260872
3662	 Mogat1 	NM_026713 	0	-1.7125055986719	-1.7649767954769	-1.7194676126457	-1.1381990007611	6.7497393141569	-1.0137012919548	4.6868062457309	-1.5019172315592	-1.231091974076	-1.3108590598826	1.4697822558671	-1.2204525524245	-1.4151614839748	-1.1637492122165	-1.5786396260441
3771	 Cyp1b1 	NM_009994 	0	1.4593282845415	2.4008996041001	3.1342382037813	-1.8513562646611	3.6817220624356	-1.1641362153522	1.0957765445882	17.996580774417	16.37834443332	1.620682713947	-1.2871939800889	1.1558218493612	2.6401645779406	-1.6660652263287	1.5514257663263
4277	 A930004D18Rik 	NR_028376 	0	-2.0142482732054	-1.4228299554559	1.6525286590732	1.286044510651	1.0519388628735	1.1095319176566	1.4717159613481	3.8597750991746	6.7349131553455	1.5392104386101	-1.0391912947057	1.4156536075135	6.7748705281964	2.2106958705162	-1.0529125446383
4436	 Dirc2 	NM_153550 	0	-2.4355441130198	-7.5396294129686	-1.7433275764257	-1.4679288297606	1.1112574869765	1.1229918385591	-2.5927342216587	1.0636535649069	-1.3706671360777	1.5881627297954	1.0704936611623	-1.3466756268384	-2.1256560834129	1.0574048547414	-1.1872790374909
4456	 Grin2d 	NM_008172 	0	-1.3864429380923	-2.8778224750814	-2.1868298835633	1.0001888615854	-2.6184000464243	-1.2111367993646	-2.1248095028468	-3.1727583810444	-2.7333232780815	-16.512392376014	-1.3158942826873	-1.5362185324623	1.4533827456283	-1.9746221303015	-2.2520705945067
6218	 Vps13a 	 	0	-1.8400473547971	-3.994569668455	-2.546431511853	-1.2105591091065	-3.3288712624779	-2.0799888170131	-2.4212631923244	-3.9864195131592	-3.3089332014558	-26.654466845715	-1.4830575358672	-1.7164177616365	1.0838208462681	-2.4413272571375	-3.0543443619691
7105	 Ffar2 	NM_146187 	0	-1.8322258242559	-4.7838108556532	-6.498991964561	-1.0017683813389	-3.2380906305032	-3.7651475485817	-3.4276699729536	-3.6221047015945	-2.9747673076819	-1.5557900870882	-1.0376789335752	-5.068564762842	-3.673135926848	-2.0539080638813	1.4043617750239
7115	 Mogat1 	NM_026713 	0	-3.2107167964251	-1.1034396869776	-1.0524786627489	-2.1532080757648	14.508750085224	1.9875817481943	9.0367444282495	-3.5919890163198	-1.0517286387673	-1.6246843608945	1.7024720864603	1.2139737611718	1.0782908004579	-1.2363080582989	-4.0604858369349
7197	 Gm11938 	NM_001127354 	0	-2.4348095695773	-4.019277574968	-3.1598684305535	-1.1264797782773	-3.9477987027757	-2.6284577467745	-2.8654906783205	-4.2884761586097	-3.6029646406922	-11.178151721082	-1.6800840158335	-1.7566611636523	1.0416461187908	-1.7009635217905	-2.1737470218278
7585	 Acot4 	NM_134247 	0	-3.4170395067046	-2.4152884246709	-1.9375815928812	-3.0108699692677	-3.4709871031217	1.2725240528961	-1.1479350065514	-2.1820464935508	-1.4102788732908	-6.3145586302661	-2.5165930911938	-1.8903316246289	1.1910585197359	-2.2809039641539	-4.1312454641338
7650	 A_52_P471947 	A_52_P471947 	0	-6.4864936907996	-4.8408207331057	-3.5586231528441	-1.5935291048151	-6.3581972956583	-1.3730109473942	-2.3551523174759	-2.7456678598805	-2.2116887048874	-4.0429279338458	-1.7929533912524	-2.298566114302	-1.7479016808492	1.3064776962603	-2.4517207347705
7827	 6030422H21Rik 	 	0	-11.058086937677	-6.1294005080033	-1.4611304784025	-1.8894786978229	1.012837633884	-1.1133658598285	-3.4388006487624	-4.732035564612	-2.9287412223845	1.9248770743164	-1.3316098530676	-6.4001624874408	-1.6576544353483	2.4994991879912	-1.4221781435801
8022	 A_52_P226559 	A_52_P226559 	0	-1.5627733622891	-2.9879339987106	-2.2416355218516	-1.067082997315	-2.9469922924525	-1.3194653808185	-2.1822022538894	-3.4817212649662	-2.9298878716913	-17.304936101494	-1.4242525313208	-1.5379279861594	1.3824836378861	-2.1225845561797	-2.352426158375
8055	 Xist 	NR_001463 	0	-558.90758047393	-622.40059620826	-122.07591833052	-657.5972676195	-1201.7939129657	-3.3075772794971	-193.30362572198	-1190.5290580769	-195.67709849035	-1164.3941101974	-324.31721353612	-103.94174414022	-9.9483258082408	-606.6525116569	-562.38017169462
8168	 A_51_P290904 	A_51_P290904 	0	-3.5874098809457	-6.624818737723	-3.9411321733515	1.1935359369645	-3.7332063854976	-1.80507395533	-3.0298281759286	-4.2375906335802	-3.2923803423202	-8.0471111495941	-1.2669515290764	-2.0585432691601	-1.2204317571523	-1.1492579058924	-1.7247493899216
8356	 Tmem165 	 	0	-2.654037164503	-4.9841602815717	-3.355057749989	1.3088443422192	-3.0838908613214	-1.6927545896681	-2.4924875632926	-3.0717367951842	-2.645202959935	-9.9339049444035	-1.1947350368006	-1.5954602923938	1.0776933425215	-1.4986734032056	-1.9380010142402
8618	 Cpeb2 	NM_175937 	0	5.8603695077877	7.0259005797444	5.1598134470154	6.046485280944	4.0427976073481	1.0572862883505	7.1307793805094	2.4507555792438	3.0447595407009	5.2394656806096	5.6423367179295	9.324616944095	3.6921301347999	9.1533485466391	3.0190756818164
8729	 Sufu 	NM_015752 	0	1.1906897087706	1.0405383711655	-7.644991378836	1.0735666207883	1.2218612729376	-1.3843566778681	-1.2984313715979	-1.0143518602373	-1.1549609481642	1.3578131175898	1.0206868744843	1.3733271312488	-1.5143769824121	1.3595682063306	1.3075430601264
8900	 Arhgap19 	NM_027667 	0	-1.0516608335019	-1.7813776534804	-8.5146931185484	1.3369094711543	-1.7013669807967	-1.3371188151946	-1.6666561146573	-3.3158433115241	-1.5953500857077	-2.4360432803988	1	-1.6052585804814	-1.2768327101791	-1.2276068411994	-1.4281176940621
9003	 A_52_P170685 	A_52_P170685 	0	-2.235064188035	-3.7205573217683	-6.8133076556994	-1.6577803975168	-2.5950396626336	-2.692222813005	-1.3545436354029	-1.7141862216815	-1.8978461360866	-1.9312344503947	-1.5327276781288	-2.5113775058343	-2.5163844917291	-1.4394016626352	-1.0725187664195
9064	 Zfp112 	 	0	2.2202812940613	1.5207261009111	-6.840785927191	1.5647321285589	1.0952120160834	-1.1082299938286	-1.0655447656341	-1.0887152342784	-1.3613882564751	1.2837870781028	1	1.2748526762655	-1.2047704310476	3.4465533069281	2.1443763064897
9067	 Rusc1 	NM_028188 	0	-2.1483597145043	-4.1110333506764	-3.0717580140635	-1.2834855985506	-3.4399964944402	-4.0657343596382	-2.7500399316441	-4.138166875316	-3.2498700834205	-21.397843162865	-1.6572918704173	-2.004361259208	-1.086944576758	-2.4525507336872	-3.2268962325434
9070	 Havcr2 	NM_134250 	0	1	-2.6870639350155	-6.5852762776087	-1.6336123199361	-2.4182099288948	-1.3290398406776	-2.4361779048452	-1.152450551305	-1.8482724923461	-1.168285267184	1	-1.6642861536514	-1.0330261134185	-1.2386140441695	1
9527	 Acot3 	NM_134246 	0	-21.131970707042	-8.0418691059567	-9.0595369367542	-35.32319672208	-5.0251959374286	1.1497883395942	-3.9865663809869	-10.050091135228	-4.0593827323306	-70.252211477729	-28.263113332601	-6.45004879335	-1.3669480191761	-20.453611376873	-52.138676170751
9879	 Cd40 	NM_011611 	0	-1.0553647881246	-1.5589780482767	-6.2731980675322	-1.1971128703599	-1.3758655608217	-1.1406434212623	-1.3837161187022	-1.4749387986422	-1.6509807137592	-2.085960114236	1.3209245140487	-1.3399851948998	1.0810311291801	1.1526023481055	1.1276779797076
9963	 A_52_P224723 	A_52_P224723 	0	1.1955028065549	-1.6603589976767	-6.6028434424326	3.1036304205603	-1.4681519287611	-1.9201227798102	-1.6327285991784	1.0213365875343	-1.4586429590912	2.5769678478103	1.8755990323165	-1.6463190365283	-1.4823678932964	1.888647899599	1.3469361221885
10714	 Gm7231 	XM_001477336 	0	-15.129340597769	-7.7138821574397	-4.3987370371317	-3.5249097336512	-2.9885119722757	-1.0788520720127	-1.6623175883172	-7.202678003022	-6.2598510569891	-4.0018517867942	-3.1807533994017	-5.2550396840199	-1.8329473906559	-4.9867316701579	-7.7996838592039
10788	 Olfr1143 	NM_146293 	0	-6.1516270790198	-4.4803299663509	-1.7993017402601	-1.427476607308	-4.3310679757606	-1.1027564331463	-1.5630324699094	-4.6591318410301	-2.1560061731343	-4.6559788623989	-2.4293550973273	1.1112991956275	1.1543893195595	1.004658631903	-1.3912558388428
11114	 Ugt1a9 	NM_201644 	0	1.3971756238119	1.7837788078831	1.578646895965	-1.2454193240672	-1.4449805454772	1.6024482014205	2.4692098457027	4.3631184160484	6.7696310507299	-1.7620003891785	1.1856027555133	1.9694048358969	5.5537969800611	1.3779136423786	-1.3711216866227
11245	 H1fx 	 	0	-2.4419794224252	-4.898983762435	-3.4479582620699	-1.0779579008235	-3.8403959232722	-4.8756329119627	-3.2820107558866	-4.185236459493	-2.6374910828941	-13.289235571267	-1.33102128334	-2.2918489975919	-1.3047520864039	-2.2683966644042	-3.1301056754259
11396	 C730007P19Rik 	NM_009286 	0	-335.83039479156	-196.03788121753	-68.51252917218	-184.06024679096	-141.44903860233	-2.6403834383411	-44.089989967056	-145.76055055026	-34.843357749162	-263.85783824804	-276.65594047012	-152.69330662736	-5.1099423443121	-300.22717516543	-579.94926184065
11564	 Hsph1 	NM_013559 	0	-4.962836869583	-5.1183620183722	-5.5443801500957	-2.8152178014012	-6.2604564675314	-1.4667800689357	-5.9513021482215	-3.7939884112434	-4.4185624754529	-3.5158229764912	-2.5978376101436	-5.1868895476825	-2.1441491885078	-2.1913563166298	-2.3667914950952
11845	 Cyp4a31 	NM_201640 	0	-1.7043155245969	-1.1803850490015	-1.8748736266009	-2.2852462239288	1.7055010848762	6.4012531123411	3.0767626864187	-5.4118780282538	-1.9690148883966	-6.0517224253275	-1.6529320476123	-1.4227480531371	-1.1684604042733	-2.8679263882575	-3.2780532187213
11857	 A_52_P328440 	A_52_P328440 	0	-1.748251864158	-3.3249184663462	-7.2387570348072	-1.9955012308575	-3.2930172067238	-1.9623343224538	-1.7998445610666	-1.4717295164155	-1.8849203361275	-2.8489904929108	-1.8196882886052	-3.0708598763954	-2.6431085526364	-1.7248645638517	-1.8986328905164
12225	 1810046K07Rik 	NM_027217 	0	-1.3191494477911	2.1073710032347	5.0876356284176	1.4521316793897	1.4763794787594	1.3014035887207	6.9627531750642	4.5668211110415	3.5145117530467	3.5229379990037	1.6158424003301	2.2991907311542	3.0876850853763	2.1568403515976	1.4909016658469
12646	 Ptprz1 	 	0	-1.2554985052664	1.0279476546632	1.0530628694535	1.5366147582273	-1.45609932317	-3.5665145490651	-1.6791364917032	-1.4550167737765	-1.2182645304809	-6.0240559938971	-1.2323818682005	-1.6551448231084	1.0169272850687	-1.9432693461385	-1.9911271764935
13031	 A_52_P288338 	A_52_P288338 	0	-2.0322353430293	-3.15469952213	-2.8006703909498	1.0386697894532	-2.9144257808773	-4.1931461520942	-2.676110240972	-3.2060699975869	-2.7349286452442	-8.8852162048349	-1.5150954710641	-1.6218549102471	-1.144676323607	-1.5835580924887	-2.0596479787267
13175	 Hoxb9 	NM_008270 	0	7.3690244926005	7.8758420902908	1.5636480226963	12.651732473758	1.3585730648752	-1.218729714426	13.194106946881	1.5699253421056	1.9798760402565	2.8378863558794	-2.3507530052947	7.6609212842667	5.160169886612	37.609711325977	7.7100465474211
13533	 Tgtp 	NM_011579 	0	-3.4108529787386	-5.0279853081424	-1.6600378868302	-5.4017813363067	-6.6235070056407	-1.4714042292541	-3.9344859609742	-3.2096449978066	-3.3064350800387	-5.31633084436	-5.4897554685352	-2.9273119119839	-1.9256439964904	-5.1623684749519	-4.4255983855558
13593	 Ston1 	NM_029858 	0	-3.0651589453789	-1.0923912177931	1.1052252544307	-3.5983466568011	4.1747935133118	1.7333369696112	7.4919349865056	-3.2620303694674	-1.8183019312432	-5.657323324113	-2.1018368406006	1.6876834827489	1.1806669327227	-2.534469095823	-2.8044260979692
13655	 Plat 	NM_008872 	0	1.1656978621763	-1.0812980007283	-6.4087156103817	1.0797586701682	1.0083567039501	-1.6335596593457	-1.1394949373544	-1.8352955010443	1.2866961456082	1.3834867367811	-1.2597141277011	-1.0156989184476	-1.0920295741158	1.1819782907905	1.0940757699572
13683	 Mup10 	 	0	-1.8268714972152	-2.9239234610752	-6.7513714056037	-1.7384331703847	-2.3378088588072	-2.3506501641766	-1.427946709448	1.1144194930116	-1.2825284271607	-1.4846189510887	-1.4711399863754	-2.1654691449887	-2.4258223888108	-1.4220766319311	-1.4439594588858
13684	 Fabp12 	NM_029310 	0	1.1756850615097	-1.43613081189	1.3930124566299	1.0066372102208	1.0999878800094	-1.2535480914441	1.8448454948049	12.547291855787	5.5248437487316	1.1693141361099	1.0604551364366	1.4358662911821	1.6642056802267	1.1996713849278	1.1494217213156
13740	 Clcf1 	NM_019952 	0	1.0412051319084	1.0214167841438	-6.966008499143	-1.2251537678593	1.0792965777618	-1.1789277760882	-1.2207496262761	-1.0565252968094	-1.2198513186538	-1.6090739355062	-1.5790613368011	-1.0068212657513	-1.1768236836203	1.0659570346278	-1.0789844852636
14002	 Mt2 	NM_008630 	0	-5.6207982858098	-8.3296930901299	-3.6194368192262	-7.4703164611936	-4.9213358058854	-2.2417439171595	-10.58497898195	-12.566085200763	-8.073242540921	-6.1099266986057	-9.2784621403387	-8.2059525239432	-5.9551540438968	-7.340455327796	-16.065342914664
14075	 Cdkn3 	NM_028222 	0	-1.7833927632286	-1.8612340969129	4.5983603319381	-2.0796871097686	4.3518307842956	1.2474130983226	6.505444857752	1.2725562843483	1.9538670094355	-1.8791004649134	-1.1997191744559	-1.8457080228609	1.0747055706169	2.4685788285441	-1.9752587758786
15203	 A1bg 	NM_001081067 	0	-31.586390484235	-34.912423734309	-13.472245865317	-27.611499973892	-25.368220271416	-1.4340820503394	-10.803388649022	-43.011045560758	-8.1978694886461	-38.320397023962	-31.494883048369	-42.163824792787	-2.2066832577399	-105.40227869419	-202.37646237945
15275	 Cyp2b13 	NM_007813 	0	-9.4437177807997	-11.7397811235	-1.1958821952695	-2.9882367328264	-11.487089372423	-2.2017803930842	-15.242984218759	-39.773151089311	-9.0772437990543	-23.922138475121	-13.376115187246	-14.730246007962	-4.2804950582289	-1.0157814089167	-21.219248554584
15531	 Fmo3 	NM_008030 	0	-231.35026430828	-156.72201254028	-61.395989055256	-150.49081701948	-272.84123080819	-8.7943348977403	-204.84718486952	-4.6023643820323	-3.8021653526067	-218.45902951154	-153.1228486543	-204.86133570049	-4.4341767452484	-241.93572366076	-481.71481153802
15776	 Cyp3a11 	NM_007818 	0	-1.3533122094585	1.156710026195	-1.3502338766279	-1.3276359383488	-2.3241491765625	-3.5329053303503	-1.6177522033646	-10.018899033968	-1.6009103043829	-1.6745456831834	-1.323347800852	-1.7291990967212	-1.7439137423212	-1.2275610500123	-1.8145460737754
15841	 Klf2 	NM_008452 	0	-1.870561536919	-3.7952116457571	-2.8618904142199	-1.3377131614096	-3.3053617721948	-4.2279125909271	-2.7317880442907	-4.0853662802322	-2.8981509371637	-19.058556325714	-1.6880060544629	-2.0241933791096	-1.1531661881354	-2.5874680747899	-3.0003021969107
16013	 Tiam2 	NM_011878 	0	-7.770250142864	-3.4299437673111	-4.347834456537	-1.1746013617564	-2.951093706951	1.3033348258208	-1.2520016464628	-2.7783694821445	-2.3996284373346	-2.9059691534684	1.0636163384351	-2.4825556922876	1.4393353772653	-1.208234409747	-1.3024768111184
16669	 Cyp2b10 	NM_009999 	0	-3.2102880340356	-3.5818384980669	3.5218673955955	1.5948101829751	-3.6728399189948	1.0593020189105	-2.7279914196476	-12.531411749414	-1.6273913377099	-6.1269593645876	-3.0295770345987	-2.4388158002287	-1.0051769011551	6.2782267932009	-5.3150089478825
16739	 Mfsd2a 	NM_029662 	0	-13.898566200032	-2.4290922031018	-1.0212276854468	-1.5503366004234	-1.057297000168	1.5833976644162	-1.3556076156831	-6.3141806065589	-2.0696695015889	-2.0000046251436	1.103918470715	-6.9287995916962	-1.5884845678257	-1.7409808736468	1.0679039674641
16753	 Foxq1 	NM_008239 	0	-1.3111035702106	-2.5888089418182	-2.0919003857055	-1.0397628587711	-2.9768160596586	-1.5144990316953	-2.3291046368891	-3.5777336030426	-2.7308949855303	-9.2633271038574	-1.4066498362969	-1.4562267348627	1.3708691399353	-1.3063724108405	-2.1537188046424
16763	 Mtss1 	 	0	-4.6170013336514	1.0675418270552	-1.9405686006311	-1.4675739694006	1.4575920805216	1.8847033391458	-10.661786951182	-2.5175493933511	-1.7221580259827	1.188213274703	-3.4108372712163	-4.620308770701	-1.4056008140247	-1.0931893699232	-1.4246559623532
16845	 Npb 	NM_153288 	0	3.6235228138585	3.0401149145907	6.8584661576575	1.576638037454	5.2089237484566	1.4921998774972	8.6634325798728	6.1924855237004	5.3325139469426	3.7894658706448	2.6682468168718	4.7494465006541	1.4997573534465	1.8626274544135	4.1301897066499
17917	 Mthfr 	NM_010840 	0	-2.2759567242972	-2.717909552247	-2.5353037570283	1.0645949457654	-3.2655775370657	-1.3982763107329	-2.1118399439898	-3.4662509371213	-2.5597821128863	-6.2601249259346	-1.0745746721949	-1.552526421842	-1.0036122184933	-1.1492015418488	-1.6599652632274
18172	 Pik3c2a 	NM_011083 	0	1.8188714245168	2.5835507676524	5.9950388247681	-2.23678890568	1.9723001148045	2.1687824987737	6.0365249501933	1.8945278766632	4.899863706957	1.5572165115434	1.0123678390093	2.0692168200382	1.3348147590364	-1.4799464456384	1.3012777379211
18441	 Emr1 	NM_010130 	0	-4.4601554966132	-4.1241077166465	-4.4212085376187	-2.1867543544393	-5.9073268382993	1.0814117896911	-2.4695680623283	-2.2368970666276	-6.4327400246105	-2.7256494512315	-1.7174891415174	-3.2657730439419	-1.8173015625426	-1.4409104797622	-2.2741703865359
18445	 A_52_P477752 	A_52_P477752 	0	-2.469835337149	-4.1945367135357	-2.8068163650256	1.0430679471499	-3.0984821601863	-1.8226614156819	-2.299820813268	-3.4972928500014	-3.0204941573853	-12.728581275608	-1.3365616631011	-1.7489000895921	1.1645107446072	-1.7179835457763	-2.2501475642762
18663	 Ctsm 	NM_022326 	0	-1.5724288376863	-9.6501041378104	-1.4358629849816	1.4971006537218	-1.3213351859217	-1.2496454147573	-1.0880315777555	1.032805162275	-1.1629410481106	1.247871884957	1.3721386576265	-1.0836728679004	-1.2618333455346	1.6903047036895	1.2200575028382
18833	 A_52_P1163917 	A_52_P1163917 	0	2.0833584574493	-9.6304592960668	1.2920073967361	-1.8385184818251	-1.232079410327	-1.1402726298328	-1.4015545318298	-1.295853780306	1.1043809330216	3.5287996362247	1	-2.2434789551035	-1.5777929093648	1	1
18993	 Cyp7a1 	NM_007824 	0	-5.3331401906356	-3.4765941895939	-1.7243959731168	-7.2980191732116	-1.804130713503	1.4600475504338	-1.7151456255559	1.5996611592564	-1.2159894304365	-1.9112566081867	-3.169874002215	-5.0037084866872	-1.5976549893131	-3.1534213234654	-10.541198704989
19003	 A_52_P103319 	A_52_P103319 	0	-3.0385053124914	-8.1323301224226	1.0612187141986	-1.2987303808934	1.2547280299309	-1.1030360334629	-1.3097940101049	1.041528839779	1.2110514667573	1.2801563063727	-1.8168664275307	-1.2598823736758	1.0467134384877	-1.8890567284564	-1.5658169860519
19157	 Cyp2b13 	NM_007813 	0	-26.227687472551	-36.644601228194	-25.74186450358	-22.127380296293	-29.561059800813	-2.1854003082613	-22.852830580429	-43.524120098262	-22.148789720926	-39.058899256743	-25.919104937569	-78.076439483915	-6.9980493373149	-71.314854421938	-86.236277228651
19424	 H2-Ab1 	NM_207105 	0	-2.2009795124763	-2.3865910080425	-1.4020968060683	-1.8902663360151	-2.9314601850885	1.0160355413102	-1.4948031349667	-1.5491483186578	-2.1814436551124	-6.9238555697287	-1.6856018529036	-1.5339457482639	1.0376555182678	-1.7811110581454	-1.4950096639178
19482	 Afp 	NM_007423 	0	1.1926845679811	1.29187650526	6.4380448821757	1.8300164768972	2.3801043605228	2.5506918822659	5.7567583557355	3.1050171266484	3.2373003931485	3.1735840151667	2.7331407666016	2.3493352770666	2.4013861416476	2.6253970928187	1.6425477361706
19757	 Smpd3 	NM_021491 	0	1.4748810648466	1.9192652496131	2.0291726495785	7.9508763596426	1.4210161049817	-1.3160185168524	2.4037428199601	3.7479086756497	1.4640401937367	2.8256931577515	4.4326046733237	1.2799588277944	-1.2250462916811	2.9318989637973	2.3798632354535
20076	 A_52_P237357 	A_52_P237357 	0	-4.275786384406	-2.0655323442512	-3.2661189693967	-1.3078833167855	-1.7305294720001	1.2343274860919	-7.7765505608709	-1.7196141100443	-2.3126930751844	-2.0129732329697	-3.6971153434242	-3.1381666301437	1.0862845432461	-1.4123716774794	-2.6732033703103
20089	 Rgs16 	NM_011267 	0	-2.0649474312138	4.1878102930388	1.0202029852486	-1.1626641995763	1.2881575995443	3.2329724220349	-2.6977953389956	-13.367801867974	-15.362432935791	1.4468782892523	3.0338143414487	2.7383376647162	-2.5804176274403	1.2317327816448	1.0296556335714
20171	 Serpinb1a 	NM_025429 	0	-4.7188263949978	-4.7206412823016	-2.5444504620216	-3.0383374031221	-1.8945453259902	-1.0654704269504	-1.7016686582925	-11.473343602884	-4.4649849565515	-3.246011095529	-1.8616369916025	-3.1033159960702	-1.6273388776569	-4.7087431345394	-3.552720156649
20284	 A_51_P182362 	A_51_P182362 	0	-4.8206433292253	-5.6329254043153	1.5902228881982	-1.5893772780745	-5.3187796690098	-1.1972931560421	-5.3257404834303	-6.8323326034425	-2.442761125807	-7.2222912826492	-4.7900163961476	-4.0185280118516	-1.5123071310117	2.2977088658574	-5.414719952784
20445	 Olfr114 	NM_146287 	0	-1.4259523064647	-1.472688854381	1.0894637890494	1.8273511042463	-1.609044295542	-1.1480029392649	-1.7271736352055	10.243302540799	6.8627313778821	1.7847114092568	1.4247084495853	-1.1354449942322	6.7809883774342	2.8289221751776	1.3217185948619
20802	 Mup6 	NM_001081285 	0	-2.1285261986722	-3.232585347115	-6.0533669322173	-2.2081725153132	-2.6635692961973	-2.0855374841973	-1.4680944606252	-1.369361142485	-1.5922270581371	-1.7465740368433	-1.5224884267062	-2.5741331053606	-2.8162616417189	-1.9189249958677	-1.7626821232084
20910	 Rpl21 	NM_019647 	0	-2.2179308412275	-3.2090094793896	-2.7332918097155	1.004808106109	-2.7785870033522	-1.7690821479722	-2.2381799451718	-3.3843478943304	-2.9613995087006	-8.3434948074666	-1.3957093889161	-1.5092632595057	1.0103701334772	-1.6246806199249	-2.0132838047501
20968	 Adamdec1 	NM_021475 	0	-9.6617990363771	-3.0270597958805	-1.5657989590215	-1.5764529008194	-3.9111637582402	-1.0926953627649	-1.4416770998126	-1.1825181084112	-1.5989136127252	-1.4652340415348	-1.2983835364996	-2.3673310807364	1.0653612590771	-1.655163878777	-2.086973814707
21336	 Cyp2b9 	NM_010000 	0	-23.408845754896	-28.338704979448	-2.0982295546564	-3.922672040875	-15.356420650049	-5.1640923476555	-25.013242871317	-54.550658817037	-15.44258498272	-28.281341110475	-18.288159467883	-42.593173562327	-10.552855709061	-1.4998126075671	-41.153805434031
21337	 Apob 	NM_009693 	0	1.1608772491931	-1.671040593291	-1.1988068062601	-4.121164973264	-1.0287925247748	-1.2629698992362	-7.8321861332364	-1.7468756855396	-1.4945312486943	-1.730258534199	-2.5740441994882	-1.2758364336526	-9.1068671252396	-3.8590375104286	-1.5785269465515
21411	 Mink1 	 	0	-2.7735819350376	-4.435340845924	-3.0306026594266	2.0029863976743	-2.473682746786	-1.5452366492416	-2.6487623826574	-2.9202363325536	-2.373061535566	-11.431941673757	-1.0440956827643	-1.5956476612325	1.1431367846356	-1.1640067533052	-2.1074632008715
21466	 BC014805 	NM_146232 	0	-91.293529990751	-69.524840307378	-13.075551030985	-38.359240526519	-51.915853710635	-2.0849133010444	-25.567602164323	-27.568935670074	-11.144484897053	-43.175760898504	-31.61185636755	-51.468320890613	-6.1103628415817	-58.288113558087	-130.2776752018
21501	 Syt10 	NM_018803 	0	-1.360679995794	-2.3721765041121	-2.6437537455	1.2639503078098	-1.7243562678893	-1.904758849589	-1.6402271639127	-2.6409428306834	-2.0567381321176	-11.515425766015	-1.1740386652444	-1.1970921971316	-1.5657737215274	-2.1373615874156	-1.938353576873
21803	 Fgf21 	NM_020013 	0	6.0393750433396	2.2775346868514	3.0743761333256	-1.4365640697857	-1.4897280666437	1.6202760031632	-1.1901554782674	-2.2750502838117	2.3429606786637	-4.9832996219017	-1.8335003618217	8.5751159273556	-2.5166858076175	-1.7528671414715	-1.090433536889
21804	 Mafb 	NM_010658 	0	-6.22346139638	-1.2922870729574	1.2369273715957	1.500576013388	1.2157481013576	1.856406156399	1.0177711591634	-1.4804713248976	-1.2203786465113	2.6906549044996	2.2330014238764	-2.2727883783283	1.6707674279862	1.569282024119	2.006092711262
22089	 A_52_P336748 	A_52_P336748 	0	-1.8696443437818	-3.3703654954813	-2.4822813252549	-1.0397013311304	-2.6524182046868	-3.0764297325643	-2.4328033210653	-3.4371778149277	-2.7166018993539	-15.802288995517	-1.2588555530649	-1.6173425039202	1.1140928832625	-1.8342604416324	-2.3273462495715
22175	 Cfd 	NM_013459 	0	-21.76857497621	-9.4772644678347	-6.9990967999642	-6.1681510431776	-4.2691459268486	-1.2754369660171	-1.8330866730197	-12.1927031397	-2.2188707236227	-15.657773268588	-5.3990083606533	-8.1561086027997	-1.8028641381372	-6.8405024062159	-12.347243131787
22547	 Fgl1 	 	0	-2.1837353276022	-3.1727364644817	-2.4137095013605	-1.2029636376887	-6.0675169746543	-1.6821665780851	-3.5386368844415	-1.1017950071238	-3.4280488339755	-1.5950966392183	-2.0109255865007	-2.2290663715241	-4.0542264249878	-1.6915272557058	-2.9625930521686
22754	 Cyp2a4 	NM_009997 	0	-7.8047860070192	-4.2052711138116	-2.1793952499213	-4.5139110840098	-2.8795922761659	-4.6970372025986	-3.2474090750149	-3.5252587563275	-3.039268017657	-3.1520347733879	-2.2574180849265	-5.2296906504504	-2.5147858034972	-2.2559995048929	-4.1082229085507
22904	 Acnat2 	NM_145368 	0	-6.1752849171045	-5.1579603579671	-4.3740425150437	-6.0905848797834	-2.7103913335473	-1.3365801285105	-2.8491676195788	-6.5174243670588	-3.7225025163484	-8.1374999704654	-4.3485252882723	-4.8461851224018	-1.8614741087803	-7.5746749358503	-5.8660262218773
23128	 A_51_P277048 	A_51_P277048 	0	-1.7956347438407	-5.7193806273327	-6.5166290486068	1.3526392956438	-3.8387603465522	-4.0896957482985	-4.0069599349253	-4.498678943016	-2.857912973988	-1.787779693357	-1.6927935672317	-5.5800873836234	-4.3124989267635	-1.0695864685897	-1.0321074193323
23371	 Cdk5r2 	NM_009872 	0	-2.6355059437569	-5.1663401907669	-3.1213753761682	-1.2869035532383	-3.9550319844587	-2.9906734827592	-3.1277065528757	-4.7494902448744	-3.7553809596176	-25.332030368749	-1.64955195947	-2.0753005444056	1.0682878769509	-2.4180874330465	-3.1587554191301
23589	 Prkrir 	NM_028410 	0	1.9831702552254	3.0899965889	3.2580969251913	-1.2443922566326	1.0356821708947	1.2445495725921	6.1637213944077	2.8705360144297	4.2243704887487	1.2812031566052	-1.1136922564418	3.0739797341743	1.4836210958348	1.0924319667976	1.0955005501617
23616	 A_52_P176983 	A_52_P176983 	0	-2.4300376364042	-4.4563264730947	-2.9416432351343	1.1789288619214	-2.3689560305834	-3.4685982448429	-2.755148424529	-3.6765882931411	-2.5981068024867	-8.5678134128907	-1.3404943875608	-1.6719104027631	1.1346392426397	-1.4270165173798	-1.8857104161487
23794	 A_51_P299527 	A_51_P299527 	0	-15.573993890809	-14.784614328413	-5.8760570005249	-9.4623062501362	-18.191562380371	-1.9335392834518	-7.7343175669019	-18.122161649979	-4.5635624709848	-34.655326911496	-17.541632167622	-10.807618349485	-2.2035859770892	-19.791558756426	-23.622725314532
24285	 Slc4a7 	NM_001033270 	0	-2.776348628877	-5.0548584656883	-3.4872493339788	1.2635632901065	-2.3506393390575	-3.4945961973701	-2.562418139138	-3.3097866507284	-2.315485149683	-6.4445559726102	-1.2687498385711	-1.5693073181607	1.1127461491341	-1.3882414263802	-1.7427496331931
24388	 A_52_P348256 	A_52_P348256 	0	-1.4561831453975	-2.0444194309269	-6.0136617954046	-1.4272235394936	-2.2463684972044	-2.0713476693127	-1.2130916126106	1.0379379707961	-1.2170953411051	-1.3888137256908	-1.417721742993	-1.7968796903533	-1.8715050356234	-1.0466813840266	-1.1562336378999
24425	 A_52_P123693 	A_52_P123693 	0	-1.6862190833143	-1.7931556956246	-2.3851077303685	-1.0142953161754	-3.0986676632287	-2.6909461069646	-3.1544235035703	-3.8316779519749	-3.0249764643558	-6.1083090207879	-1.5241299594981	-1.6615828462244	-1.1382254711494	-1.5332818683311	-1.8108438396125
24454	 Cyp3a16 	NM_007820 	0	1.0032312461016	-1.0809898098114	-1.308982980933	-1.4072297244319	-1.6613150522942	-1.5366041437053	-1.4841882874204	-14.104250087817	-1.8713714521035	-1.8316015399658	-1.2367302966645	-1.0970464085493	-1.6968638595612	1.2154847097925	-1.4011544163302
24757	 Ccrn4l 	NM_009834 	0	-8.2856579364437	-1.7345666816204	1.8017063118663	-1.5424319050867	1.3312542277438	2.1829460371606	1.3593052679551	-2.3265586226982	-1.5291426444422	1.1873706236922	1.4669590813123	-4.961991317412	-1.0206486136462	-1.9748494801627	2.2883581674266
25432	 Fgf21 	NM_020013 	0	8.8905985425464	4.2915778982918	2.945988179877	-1.590178949323	1.4721497854336	1.0235826125967	1.1824906079605	1.2384030130956	1.7825265204079	-2.6472563577732	-1.5262441066613	11.823607382363	-1.0502650171803	-1.3116259487114	1.4060798999433
25563	 Fhit 	NM_010210 	0	1.4989909125541	1.4888501876436	-1.3270980162832	1.4149431793221	1.3224766111569	-1.0027646371326	2.0448478537334	10.849756713193	8.1765105227786	1.2723570484456	1.8524990758654	2.0708707787923	4.1745339753123	1.5148233818714	1.5723853904722
25608	 Sts 	NM_009293 	0	-1.0160349096432	-1.4064878990718	-1.609500070334	-1.1917262346369	-2.0331433484103	-1.94462112808	-1.9614805227569	-3.0145812943624	-2.2955407146759	-8.2332442591259	-1.4738083067998	-1.2592646150809	1.1835268092081	-1.9559826581957	-1.8688523887638
25717	 Arl4d 	 	0	-3.089064667068	-5.2744599622059	-3.301870225179	1.029117823737	-3.5809561255607	-2.0583868560583	-3.1168507023535	-3.807404334615	-3.1051529713768	-12.528526617401	-1.419946560253	-1.7951386601651	1.0166142430582	-1.7683735075203	-2.1656735878947
25944	 Jsrp1 	NM_028001 	0	-2.7407410211165	-5.7645710983457	-6.4127306663156	-1.4449439468434	-3.398403951169	-2.8947829099551	-3.4512625587645	-4.5969946678143	-2.8267083383037	-1.4374508367176	-1.0149140857061	-4.6954908653118	-3.073668313554	-1.3986337375787	1
26340	 Krt23 	NM_033373 	0	-1.1511451816243	1.3775868864964	4.2971449161436	2.2798170642803	11.154240391795	5.862096994279	10.612067408888	-2.025778697935	1.696434124909	-1.0379444236555	3.5917491693772	2.1182684608471	1.6378570710074	2.1488841372923	2.3275338190769
26864	 Pde4dip 	NM_178080 	0	1.6166834780578	-1.3837320494144	-1.6176367321105	1.1828304603873	-1.2323061048975	-1.3171098571754	-1.9367028872318	-1.0101661232531	-1.4936092687168	-1.6579254567193	-1.2450388405363	-6.5747160321378	-1.3284432302995	1.1296307345957	1.3646082733707
27273	 Cyp2c40 	NM_010004 	0	-1.9827045352547	-1.6977119280508	-1.5479074839172	-3.2804241466156	-6.1468695989575	-1.8196589589317	-3.651354504561	-1.6025367584275	-1.4104704762449	-2.778542218182	-2.0195564642436	-1.8819149832723	-2.3808552927753	-2.3743951691415	-2.1031972246031
27466	 Apob 	NM_009693 	0	1.0973323938534	-1.729947804838	-1.2334296952294	-3.1610255050346	-1.1274780611939	-1.2387908816744	-8.6052600659951	-1.9123263093497	-1.5714443288922	-1.7097751471552	-2.3863272468326	-1.1209710584471	-6.9831279568105	-2.961119948048	-1.2642821316165
27478	 Cyp4a10 	NM_010011 	0	-3.7660232772424	-2.795908793472	-4.9956154490309	-2.0675118147606	2.7281233329168	1.8222543683392	2.1205767720052	-15.142235629819	-7.5945317137141	-12.608690952339	-2.4702391475843	-2.3881301962507	-2.2792554398805	-2.8202785218728	-3.323946308219
27939	 Gm16430 	NM_001166601 	0	1	-4.5666318360681	-6.4477174843329	1	-1.2841684624815	-1.3556232227824	-1.5513436058355	-1.2036053236661	-1.6487469304172	1	1	-1.53444031366	-1.2497656964886	1	1
28116	 A_51_P422223 	A_51_P422223 	0	-2.2112202351763	-4.0140612958358	-2.5723733404792	-1.0206798238535	-2.9064643475083	-1.5109253229867	-2.3855416309984	-3.2907508337346	-2.5531186614256	-11.319571837869	-1.3419520558589	-1.6591742540209	1.1754595804638	-1.8676521838529	-2.1433840767268
28351	 Cyp4a14 	NM_007822 	0	-10.865507101898	-3.8011236730251	-4.3283562635305	-6.1040066768663	1.7482438131792	1.0476021956889	1.7261399339514	-101.6904103873	-29.979887581565	-37.611443357071	-2.4415015256333	-4.0729773972421	-5.3177265362062	-10.026283951959	-6.437807700206
28756	 Anubl1 	NM_001081317 	0	-1.2248719802919	1.3937503838486	3.9897253483763	-1.0116920563638	1.5966840979845	1.6285196379822	7.7321451832754	2.6349355686763	3.1434314936797	1.7781361034254	2.1257833443265	1.8661261556716	1.5376270127589	1.4886959264446	1.3782658641271
28764	 Cyfip2 	NM_133769 	0	1.9994520797838	1.6733816412103	1.2588013499999	-1.5849953775954	2.3108566201666	-1.2992568045039	-1.1841821217162	13.507656251627	7.8206887129697	-1.0148261042543	-1.7087715316197	-1.0182856415662	1.0620630508337	-1.1212152600589	1.0282849985194
28770	 A_52_P292251 	A_52_P292251 	0	-1.2281216855928	-2.4209565776907	-1.9901646138839	-1.2334683208791	-2.522771987476	-1.9966870443868	-2.1237627540594	-3.0323407345423	-2.5778105692346	-17.107635953583	-1.4155525615701	-1.5532987759206	1.0693281506144	-2.5791880028541	-2.5297872533644
28820	 A_52_P327146 	A_52_P327146 	0	-6.2793110981815	-2.7207397393209	-1.357888155189	1.2977379351281	1.0835623340077	1.2646256901161	-3.9077700496125	-2.1761558747681	-1.7028210099409	1.0108257809489	-2.2002751811726	-5.3204700156586	1.2407020505455	1.4823440005415	-1.4581358911681
28907	 Malat1 	NR_002847 	0	-2.6623245688522	-2.2071101094006	-1.1446172851216	-1.5460267357902	1.06387082695	1.2671732605185	-6.7912231342934	-1.0177666127745	-1.1031884340497	1.3746337420883	-1.5893553201677	-2.7514333687595	-1.0632174602129	-1.1127120724931	-1.2689455877693
28925	 Dido1 	NM_177852 	0	-8.1624963484784	-2.5266727701241	-1.9081521455482	-1.3871550267307	-2.2652388427503	1.4359853194708	-3.6150557566198	-2.2412019930298	-1.9601802089187	-1.5256397655506	-2.9966774514175	-2.8703245133118	1.0980689216543	-1.58248280594	-2.2416613297828
29221	 Cyp26a1 	NM_007811 	0	-4.6712057840269	-5.6708217970844	-8.8760553137043	-6.2652297286514	-8.0811468722432	-1.3797201279042	-1.1418682567545	-3.6667559045728	-4.7600882014553	-8.5325727534067	-8.3539909413088	-9.2640950012441	-1.2436317469095	-6.7022249472456	-2.8554989184023
30210	 Tmem86b 	NM_023440 	0	2.3602825740184	2.11740044492	2.657896100594	1.1465655798003	1.7353656630553	2.3692997030489	1.9905037495055	4.4039562912574	6.8024913780945	1.3308588593935	1.7422842071516	3.1916039948735	5.9253362410939	1.3490653878463	1.1641356792478
30425	 Mbip 	NM_145442 	0	-1.491533458418	-1.4969834534535	1.1609828382314	2.8237939278101	-1.2597547367413	-1.1906696947889	1.0509670494976	-1.2323361826551	1.1679902030877	1.1027904588242	-1.4234853437621	-49.09870075307	-1.5909700348595	-1.0136203941164	-1.1223285222935
30426	 4930592I03Rik 	 	0	-1.7748228033489	-1.5530555859827	-1.9703074523982	10.485279217737	-2.1726611565976	-1.5601810548671	-1.4097399266376	-2.3080382399268	-1.4889838936126	-1.1368668420489	1	-8.0780586127906	-1.1995371424504	1.2949917450277	1
30591	 Rabl2a 	NM_026817 	0	1.1944242166021	1.6143436881032	1.6120666741114	-7.8102871270892	1.7583041453975	-1.0201076395654	1.5370004689282	2.3503957870562	1.0530231040277	1.2983416822341	1.2992209052077	1.6806527869391	1.2688959172032	1.3621313860406	-1.2448611111347
30718	 A_52_P55258 	A_52_P55258 	0	-4.6174159627675	-7.5222367845668	-3.0820380777014	-5.4228051521796	-4.3440318420434	-1.2399315193235	-1.6448867414412	-5.6742961692103	-2.863386677613	-4.6181815297338	-5.3215236917862	-4.1211554839419	-1.5715926896509	-7.8838980572759	-7.1550389124689
30761	 Snx27 	NM_029721 	0	2.0971476108332	6.2623451479862	1.5752808735376	-14.071811212784	1.4361010508778	-1.2389611829379	2.067078643553	2.1216952299944	1	1.252955941832	-1.0153301905567	2.8863434025905	-1.7605039345015	1.3310979052894	1.1207444580298
31017	 Mgat5 	 	0	-3.5453245663094	-1.9740902339005	1.3629345471303	10.608402763553	-1.3951085489699	-1.1168629906133	-1.5098298245755	-1.1013204410043	1.0521505825989	-1.1366200166587	-1.6948099304074	-2.2332328112746	-1.1468948431512	-1.3335429261625	-2.1732565638927
31063	 Afp 	NM_007423 	0	1.0838732549194	1.2763888449367	6.0911739200435	1.9129472746083	2.542318747297	2.6104717636766	5.5718703190101	3.392360517776	3.3928448466696	3.0854818779248	2.8668832021902	2.3875748746543	2.7303291135383	2.7399459769867	1.9384071363015
31186	 A_52_P699435 	A_52_P699435 	0	1	-1.9794521141738	-2.1092108659241	-6.061931157758	1.3695629538701	-1.3183386968585	-1.4468349796156	-1.9863373092326	-1.4883977334461	2.3168931203994	1	-2.2848884377154	-1.8581039219243	-1.5567791269101	1
31271	 Rftn1 	NM_181397 	0	1.4405223472246	1.8944798918428	1.1158504682261	-15.219486509037	-1.1922230113924	-1.2932902396414	1.0388247783529	-1.0813410747916	-1.0263859537013	-1.3736054332707	-1.1651643815252	1.1991745418938	-1.3419891358768	1.2689572752439	-1.174546459262
31439	 A_52_P90393 	A_52_P90393 	0	-30.445982961583	-22.960957779446	-5.0825656851101	-1.0182559582318	-16.163298743626	-1.3244391198802	-3.799443581578	-15.253868566081	-4.2842321900096	-7.5280760887661	-4.0834759301087	-1.2118623693306	-1.4793979071982	1.9469419374766	-2.1508691970115
31480	 9330182L06Rik 	NM_172706 	0	-1.1368979934942	-2.3925168218733	-7.0023046220186	1	-1.7579843315379	-1.4223451623824	-1.850090614594	-1.8405388968503	-1.9670255451339	2.5762618356986	1	-1.8886044123746	-1.2927692102288	-1.9122646642265	1
31700	 A_52_P511177 	A_52_P511177 	0	-2.0537992929055	-4.9650657039914	-6.2854735041461	-2.1230635785168	-2.5766296498027	-3.4443953955754	-3.5762428291905	-3.7715945543001	-2.3780665272831	-2.4841624911522	-1.2854228033211	-5.6833185639723	-4.777228339902	-1.7830642803966	-1.5709740093303
32759	 Srrm4 	NM_026886 	0	-6.0280382583152	-8.2913643518772	-5.1458959437196	1.8636613560836	-3.140790726791	-2.3321205722868	-3.5080356646764	-4.8639152602846	-3.0369525048203	-6.5879455344192	-1.5540679358538	-2.5919224299733	-2.197075595044	-1.6643551339696	-2.1408931864849
32907	 Tcfap2e 	NM_198960 	0	-2.0038905628245	-3.5287833855392	-2.5877719437678	-1.3262945957187	-3.2118111392788	-4.4649952375711	-2.6049776408651	-3.8699646678607	-3.240895292612	-15.890955079691	-1.5197459685523	-1.8627732813009	1.0236158452297	-2.2394274638603	-2.8897614952611
32993	 D10Bwg1070e 	 	0	-4.3816027450105	-2.2662874823405	-2.615754613664	-1.009868114418	-1.2361503609277	1.8301766071117	-7.1588291858006	-2.1682582124985	-2.0854222363212	-1.2696002521494	-2.7560367226148	-3.4508572944487	1.5504329875321	-1.0851065874545	-2.3734604539484
33058	 1810011O10Rik 	 	0	-6.6366665855564	-4.2195195168565	-1.8909976973105	-1.2470457884642	-2.8159374262789	-1.2272665573971	-1.3778660517493	-3.7775741686074	-2.1188538409223	1.4671651414683	1.9501858455319	-2.2522883995739	-1.4891827605945	1.0552726925952	-1.3236769308334
33339	 Cabyr 	NM_027687 	0	-1.2532456330985	1.8064086324975	-1.4411626560699	1.5667835386435	2.5928416837267	-1.2022738469292	1.1565949720325	1.2606426614146	-1.0929487557631	4.3089058022118	1.8478512157	-1.0612849363719	1.0953048229494	1.5874753851697	10.447202192208
33844	 Car3 	 	0	-1.1352661793377	-1.0319356115878	-1.3980026672464	-1.5909150856502	-1.0608366123491	1.3160245773556	-3.546704451317	-1.1135204568246	-2.0550765327547	-1.2137062825497	-1.8618899168599	-1.4089902893619	-1.2050595255338	-6.5329449708564	-1.8157999508213
34125	 Moxd1 	NM_021509 	0	-8.6407213493894	-5.8356065086574	-2.374072623483	-5.3547968593794	-9.7709772025847	1.090833080896	-3.6035869043716	7.9225137206804	-1.4810816457701	-7.9405941599395	-5.2518220226829	-4.286284561758	1.0799123304991	-13.093628056608	-12.077025964643
34474	 Cyp1a1 	NM_009992 	0	-1.3356817744227	1.1146622673761	2.0393510930272	1.460501475284	2.8907464434958	1.3721449765731	6.0059816365782	228.8495169152	73.737770101315	2.5037386871655	1.5501759685581	1.0608945051265	104.27975448505	2.4811270295968	1.7134561711518
34511	 Khdc1c 	NM_001033904 	0	-2.2707169405636	-3.5222323374736	-4.7502558339526	1.4885313987826	-2.4460425076908	-2.9539354446402	-2.7356466437514	-3.1503659148313	-2.171600835131	-2.0524188751131	1	-6.5424588538359	-3.7387721587522	-1.0694803265793	1.2177866253624
34521	 Chd6 	NM_173368 	0	-1.0475286263797	-4.7008024450304	-6.107985536624	1.0674044277784	-2.3010603019096	-2.5316694444884	-3.4233003145965	-3.626819983552	-2.2471186283416	1.2804157275115	-1.3778628790991	-4.8243410271781	-2.7011394138649	-1.4785159023768	-1.6157010231596
34785	 Wasf1 	NM_031877 	0	1.3243994752345	1.611610172514	2.305403775196	1.1442860408185	1.3264472998171	1.0671454081949	2.1425008357227	4.8376896073096	7.8647695202853	-1.0280437567952	-1.015055876913	2.3611468577044	1.7481834320198	-1.0428429271965	1.243814455963
34835	 Cyp3a41a 	NM_017396 	0	-1.6376986838446	-1.2575498217606	-1.1620352434434	-1.4457326862514	-1.6720374482168	-3.3401348440607	-1.7643713619609	-14.022324074076	-1.4797419976041	-1.8285801457484	-1.438298408833	-1.2015396311811	-1.8131344095791	-1.090327334544	-1.4011479637905
34984	 A_51_P281078 	A_51_P281078 	0	-8.394522548428	-9.8863959509074	-10.191544380193	-8.0521341184641	-11.423521410363	-1.4263332290114	-1.5604217675602	-4.9429247624359	-4.6127933611832	-8.5343215133469	-9.4676457585946	-11.651182367286	-1.1482667783491	-6.9024139317795	-4.031057564221
35041	 Glb1l 	NM_029010 	0	1.5687292704656	1.9370195321613	1.654927603991	2.6983171893412	-1.0198518076464	-1.0748832616586	7.3501465788044	1.0899229564866	1.8925614952971	1.8261607324407	-1.3720944258151	2.1212848974385	4.557881187217	5.0404696025941	1.9955977242295
35054	 Hamp 	NM_032541 	0	1.0096978232733	-1.0865639702107	1.9847280153364	-2.024319226714	1.2679700633026	-1.0715883908673	1.0816329280872	-1.1708093984711	1.3274922673712	1.6001326983017	-4.1637821591094	1.1009631928994	-7.3390525939316	-3.2596652300178	-1.7792828797746
35095	 Pitpnc1 	 	0	-9.3826604524754	-2.6870144379245	-2.2309559743092	-1.649335474353	-2.581166381578	-1.1989326850419	-5.2970247237431	-4.2200344858237	-2.1176296055707	-2.3103033082431	-5.0196796283769	-4.3952441038105	-1.3673824451435	-1.4078746851567	-4.9159108685724
35102	 Cyp4a10 	NM_010011 	0	-1.5674980166798	-1.0666589948485	-2.0785668659624	-2.2086047405442	2.4361722953448	7.1587632508507	4.40743585118	-4.9532813850489	-1.9831656888124	-5.6459106384473	-1.5889747646448	-1.2693284085336	1.0487993269967	-2.7200006010369	-3.0874149302049
35672	 Rps4x 	 	0	-1.8440513059309	-3.6859038323261	-2.3565627036539	1.2653363953614	-2.424214251292	-1.6564411084702	-1.7726867558598	-3.1680643905987	-2.0776624941947	-13.171644479421	-1.2926650295379	-1.4531217391469	-1.0746184681906	-1.7101019413114	-2.3181578233742
35985	 Hamp2 	NM_183257 	0	-2.3461836285597	-2.1354529148609	1.261679364562	-2.3979217118346	-1.1918220058671	-1.5689207251772	-3.3355695456807	-9.8557119044199	-5.0275453875562	-1.499198020108	-1.487332267467	-1.7330057353271	-6.2084473144141	-2.7971966535718	-2.5978435918926
36079	 A_51_P278353 	A_51_P278353 	0	-1.3713490184201	-2.2706385141334	-1.9637445827919	-1.0164974886239	-2.5465956916522	-1.6467967453214	-2.3289759293666	-3.2492340819568	-2.4674138603893	-8.6686206882911	-1.2711330186567	-1.4114971318461	1.2440816948063	-1.5373083992402	-1.8490557263157
36128	 Nppa 	NM_008725 	0	-1.7894105766721	-2.607888384456	-1.6982592939358	1	-1.1708336617169	-1.3182142436649	-1.8012168456772	-2.804329238196	-1.4519812226306	1	1	-6.4556800771164	-1.1943873636412	-1.7193527990848	1
36311	 Hebp2 	NM_019487 	0	2.9353912815966	2.3347264315089	9.1668051486022	1.9310299069712	3.8797433731621	1.1954213280221	9.0161473348947	3.6695262603291	4.6848964916001	2.9100804811845	1.630512002216	4.8883354427062	-1.1813193016876	1.8216838158574	1.9299541874242
36402	 Fkbp5 	NM_010220 	0	-7.2072402615303	-4.1560714000776	-1.3739344083718	-1.6044049750423	1.3298020557663	-1.2192183768137	-2.1198640017848	-3.9833548823294	-2.0330731273395	1.2548670042054	-1.206797772818	-3.1639382582837	-1.755484503122	2.6042879411758	-1.2600912620096
36488	 Cyp3a44 	NM_177380 	0	1.2271942168558	1.1138722898493	-1.0556192468347	-1.2637291403237	-1.4607234454591	-1.6027286487323	-1.3379503577119	-10.799409266631	-1.5567755422979	-1.4916193204569	-1.0133054535385	1.212824328355	-1.2910290065292	1.5724324583417	-1.2025329912755
36581	 Grn 	NM_008175 	0	1.0380995433483	-1.6928247499287	-1.9275870502543	-1.0106268680401	-1.30324479775	-2.1176881186475	-1.3057198305888	-2.2723697537951	-1.7955809948218	-10.477073725917	-1.4707064598651	1.1245997949816	-1.2277484654957	-2.3626641959317	-1.9515469323439
36627	 Lars2 	NM_153168 	0	-3.2216844432651	-6.4130850567006	-3.7179196520449	1.2419279467561	-2.3312937533557	-3.7896054822985	-3.0960359863316	-4.0215178434057	-2.4491703885423	-10.629675336125	-1.5174416493178	-1.73670878046	1.3367278609693	-1.765480804574	-1.8473874969166
37061	 Cntnap5a 	NM_001077425 	0	-1.1328463246681	-2.5303115622271	-3.6736349655188	1.4239475739476	-1.7464131788375	-2.3411594860132	-2.390325254754	-2.2982168263348	-2.733675748534	1	3.1252445032299	-6.9437647689034	-1.817058878242	-1.1064502722832	-2.2219792553433
37295	 Tff3 	NM_011575 	0	7.7555392480941	2.6811616571966	10.291768292493	5.531883176376	2.0140303000321	-1.0801968338687	1.2336276644701	7.5275214200561	1.1641627528293	9.5070767509925	2.2635443076865	3.1924933404728	1.170786483645	4.3153398122606	3.3586055399007
37552	 Tnfrsf11b 	NM_008764 	0	2.450563722263	2.1123019501804	7.8101072906525	1.0573006519488	1.8842390495331	2.2631273858172	4.7755456401847	2.1549539797812	5.622260963487	2.6563787659443	-1.0393382246318	3.3869360761545	1.3383786497399	-1.2164954810951	1.6432854124248
37722	 A_52_P481302 	A_52_P481302 	0	-2.9602950570572	-1.339460774457	-2.543753358701	-3.9102452757922	3.1200819423945	4.8472676423894	3.9375401935186	-13.9476165764	-5.1897806206991	-15.31087461682	-2.3291314518515	-1.84598428702	-1.3172979015642	-5.2483887994997	-4.8909137024995
38098	 Arl15 	NM_172595 	0	-2.4582950122934	-6.785455395714	-1.4851420678334	-1.5998711243233	-1.8318124230251	-1.0071473862758	-3.1495898339809	-2.0544094306617	-1.7992188812607	-1.1069790454933	-1.0208028643514	-1.1550734460877	-1.4825112579136	-1.3295356899791	-1.046477029792
38709	 Cyp1a2 	NM_009993 	0	2.8131053715354	3.2452263976317	1.661303576376	1.4105029539018	-1.3191889352822	1.4045267014944	-1.261223342511	13.804160494911	13.228786274193	-1.4355224870999	1.5684981110099	2.0834064291029	15.73874141337	1.9914939894576	1.2194949325495
38809	 Osgin1 	NM_027950 	0	7.963536959468	3.5290759093279	1.4706116429721	1.6700789418131	1.2675643025935	1.4038380193922	-1.2111764001987	1.2374965589941	1.2785096194877	1.2142239643228	-1.8457802725712	3.0877490729582	2.0344124269104	-1.1904920511769	1.441351817263
39051	 Col2a1 	NM_031163 	0	4.1476394825811	2.2959213150279	1.8040144006469	1.2160627905307	2.9295033569053	-1.5042291483225	-1.2334191869899	1.5013190661504	1.4440558824513	6.2181758538962	1.1020416288621	1.3150946167038	-1.3883820814419	-1.1937610372475	2.3891036951349
39209	 Ppp1r13l 	NM_001010836 	0	-3.205457329468	-3.7128550954448	-2.0178970247682	2.4899005435078	-2.2129927951746	-1.0067136332241	-1.7136968561513	-2.7784782406197	-1.5372694621159	-6.4521580918073	-1.0183425253183	-1.0406416407926	1.4188092133634	1.258454447691	-1.377945370378
39551	 Fabp4 	NM_024406 	0	-1.1901801424314	-1.2070915229206	4.7095672200562	1.1672946633073	6.2938733577011	3.567730162262	12.948516066625	1.3756596531416	1.5818598385667	2.4217928908876	2.4892126536028	1.8438602420026	1.3018411647737	1.3114658915691	1.6127312448616
39650	 Synpo 	NM_177340 	0	-2.6026393996555	-4.7528707039082	-2.9441504550327	-1.1893180222907	-3.843138181775	-2.6591387574795	-2.9401670079894	-4.6663681587825	-3.8180358328774	-19.305897674322	-1.6491418012258	-1.6551410120009	1.2589071495944	-2.1743277069234	-2.6618219375381
40022	 Scrt1 	NM_130893 	0	-1.3697647949974	-4.0291830658728	-7.292408691304	-1.1812793170676	-2.2766695553309	-2.7820184125098	-3.2479699311213	-3.8504545373069	-1.8967059212111	-3.7713340307764	-1.5506293501794	-3.8317750036138	-2.9894686264939	-1.8308931506977	-1.3748110053417
40638	 Cyp3a44 	NM_177380 	0	-47.22696098574	-60.104916755944	-23.589025507421	-12.450878639161	-54.550658817037	-3.4083877833525	-35.280115641767	-140.85426443217	-36.510686588989	-40.219808644107	-16.764862660739	-40.345026029733	-4.7389267955679	-21.245648891938	-52.314249582722
40705	 Pygl 	 	0	-7.4196257537728	-1.2157369039554	-1.4804270097152	-1.321867728382	-2.0539317105079	-1.1412316302242	-4.190559389992	-3.7186902062572	-1.5399158886606	-1.5558330757508	-5.544137593667	-1.4269869452436	-1.1130085485998	1.0062756646022	-3.8237456858566
40782	 Col2a1 	NM_031163 	0	4.538569601699	2.2155777750876	2.0177437000664	1.2927692102288	3.0329761833685	-1.5043192050242	-1.1222608168043	1.4474814273567	1.3742444762414	6.1321391320818	1.1297350423539	-1.0383213880524	-1.4195313883916	-1.2500108998865	2.6167787236781
40971	 Rhox6 	NM_008955 	0	-2.0183291843416	3.0035509265287	2.5583090078871	4.2319643446136	1	1.1348048937865	2.2245900991425	1.7228322785563	1.2807164859778	1	1	-6.9189469384066	1.3061468277965	1	-2.1419681065923
40992	 Khsrp 	NM_010613 	0	-2.3573984844957	-3.2503191005813	-2.6881592914355	1.1882548620558	-2.8593083991632	-2.5986632217259	-2.7273445088286	-3.4941777989533	-2.935418317674	-7.2173372603023	-1.3337148906288	-1.3949864847765	-1.0091277523232	-1.4788223309075	-1.9236586069848
41241	 Afp 	NM_007423 	0	1.0676482683466	1.367476903839	6.4725140225984	1.7559736717093	2.5162222596552	2.4789855769772	5.8991576163537	3.4761459298734	4.1700666851461	3.5594098669236	2.970961336374	2.945086127342	2.4943649768582	2.4208618137505	1.8580825298355
41559	 A_52_P462257 	A_52_P462257 	0	1.7244714155679	-1.097606575183	1.1980007777494	1.3155246796591	1.4207445540597	-1.0400104425735	1.353443092681	10.716180003578	2.1368547374581	1.8826171038569	1.374716040042	1.0426088331034	1.5957064481476	1.5798396160775	1.4744803866621
41666	 Gm1381 	NM_001033478 	0	-7.0878578662222	-3.8919298165201	-2.0830706507231	1.0640562818527	-4.7768433562985	1.2699394075048	-1.3620498414725	-1.4344089951016	-2.0497457754534	-1.4541091257105	1.1074565599447	-3.2312160694791	2.3266979114469	-1.2551958653409	1.0527770282412
42196	 Nme4 	NM_019731 	0	1.7771578326153	1.8956536874385	3.8965297820688	2.0081169410784	2.93123069623	2.2766171336806	8.0639160895521	4.7644853949496	5.1522152648415	2.5821650584059	2.5521606012329	3.4371224146134	3.8451120495483	1.87209981346	2.4618013187747
42443	 A_52_P486910 	A_52_P486910 	0	-1.7951303932651	-3.2497054593372	-2.2245849768404	1.0187976628285	-2.8088982012944	-1.7635509045125	-2.2638779004823	-3.3865617588314	-2.8665927622321	-15.648402201584	-1.3087358525988	-1.3464833887769	1.4514263391708	-1.863854471837	-2.1918155311182
42577	 Ptms 	NM_026988 	0	-2.2339631242807	-3.7109149421268	-2.7897417375849	1.1681959600665	-2.5956731216981	-3.8274982429212	-2.6334980432332	-3.4095180975503	-2.7124016506635	-9.0153792310961	-1.3824836378861	-1.5264128027162	1.1117560461881	-1.4788427617342	-2.1089291997579
42804	 Afp 	NM_007423 	0	1.1057766118786	1.313923257301	6.681669653426	1.8285843562146	2.3346995521323	2.3486051020673	5.979735852695	3.5789695218751	3.84465168483	3.5358350779148	2.9555887172394	2.4305692545482	2.8198564479257	2.5340314463069	2.0678069943869
43313	 Cyp2c55 	NM_028089 	0	3.155752972774	2.1873636970661	7.1716815997432	4.1946815902032	1.4383944543695	1.5442691656686	2.2423479298338	1.0499854960627	4.217897289718	1.5298751839086	2.2952288808661	3.6001119010143	2.9877413656965	12.008810730147	2.3283271372556
43724	 A_52_P179599 	A_52_P179599 	0	-1.9775706140262	-2.507252078428	-2.4470790559222	2.2680676281606	-1.7605282569302	-3.101637222759	-1.9846731760324	-2.3872120609987	-2.2739714093495	-6.4047178156934	-1.1223680621209	-1.2727936501827	1.4389145363939	-1.1212857425079	-1.7103106497738
44386	 Insl6 	NM_013754 	0	-2.4977329323042	-1.4269343740701	1.4220537109486	-1.0022644884378	1.516348409262	1.0174050289903	3.1749142492767	10.095317914852	7.4665503832143	-1.0148240245725	1.7391017816082	1.2405517908054	3.7105817138894	1.0696908969949	-1.4137642649239
44422	 A_52_P311031 	A_52_P311031 	0	-2.3089525071248	-2.6245992476462	-2.5136048171959	1.2625512028787	-2.315282557686	-3.518479297412	-2.7279725754156	-3.3812010876065	-2.4991999298097	-6.6119262383071	-1.3091758940077	-1.2606862032215	1.1915305998557	-1.2560852043227	-1.5443047241896
44840	 Slc46a3 	NM_027872 	0	1.07977433357	1.3908778789672	1.3930894394702	1.5829747955813	1.4359720936181	2.5229404511185	1.5566644234109	7.7543964338019	7.9666181245902	2.2194123584165	1.5230248870478	1.3795327021787	9.4169876313445	1.4001514032722	1.8146547088425
44843	 Tagln 	NM_011526 	0	-1.9698855751175	-3.1199023412097	-2.1690072316978	-1.1476400613163	-2.6122455618896	-1.8771284847075	-2.2056875915412	-2.7728795190709	-2.3660831350734	-8.0648816757128	-1.3485529394533	-1.4344089951016	1.0868439695628	-2.1458630419261	-2.0148837764287
45034	 Clcnka 	NM_024412 	0	-1.2332570306448	1.0469506237979	1.4717498492506	1.2593400059998	1.1060248888593	-1.2098240122144	1.427440452016	8.1543246851808	7.6518597271331	1.2391631786018	1.2391577573842	1.377000189425	1.7545186944622	1.5409764441242	1.3159427629173
45099	 Txndc3 	NM_181591 	0	1	-3.91769840695	-1.8488982015244	1	-2.5390017487717	-1.3652902852309	-1.5146001656958	-2.6191960071175	-1.5676171280248	1	5.8545564789602	-6.6378433645693	-1.859820369631	1	1
45116	 Chad 	NM_007689 	0	-1.4937605995299	-1.2406474864442	1.1961027806143	1.6588610116217	-1.1172326010355	-1.0452267117491	1.4504441140721	8.4056441431512	7.7786816869881	1.4855251198143	1.1616898638431	1.2735177428471	5.9444133383584	1.7850566364326	1.3236860745013
